agency_cd,site_no,measurement_nu,measurement_dt,tz_cd,q_meas_used_fg,party_nm,site_visit_coll_agency_cd,gage_height_va,discharge_va,measured_rating_diff,gage_va_change,gage_va_time,control_type_cd,discharge_cd,chan_nu,chan_name,meas_type,streamflow_method,velocity_method,chan_discharge,chan_width,chan_area,chan_velocity,chan_stability,chan_material,chan_evenness,long_vel_desc,horz_vel_desc,vert_vel_desc,chan_loc_cd,chan_loc_dist
5s,15s,6s,19d,12s,1s,12s,5s,12s,12s,12s,7s,6s,21s,15s,11n,64s,4s,5s,5s,14s,14s,14s,14s,4s,4s,4s,12s,9s,12s,7s,14s
USGS,11313434,1,2006-08-15 08:54:00,PST,Yes,???,USGS,5.78,-12200,Unspecified,,,,NONE,1,Imported Channel 1,UNSP,QADCP,VADCP,-12200,,,,UNSP,UNSP,UNSP,unkn,UNSP,UNSP,UNSP,
USGS,11313434,2,2006-08-15 09:04:00,PST,Yes,???,USGS,5.84,-12000,Unspecified,,,,NONE,1,Imported Channel 1,UNSP,QADCP,VADCP,-12000,,,,UNSP,UNSP,UNSP,unkn,UNSP,UNSP,UNSP,
USGS,11313434,3,2006-08-15 09:20:00,PST,Yes,???,USGS,5.94,-11100,Unspecified,,,,NONE,1,Imported Channel 1,UNSP,QADCP,VADCP,-11100,,,,UNSP,UNSP,UNSP,unkn,UNSP,UNSP,UNSP,
USGS,11313434,4,2006-08-15 09:31:00,PST,Yes,???,USGS,5.99,-10600,Unspecified,,,,NONE,1,Imported Channel 1,UNSP,QADCP,VADCP,-10600,,,,UNSP,UNSP,UNSP,unkn,UNSP,UNSP,UNSP,
USGS,11313434,5,2006-08-15 09:47:00,PST,Yes,???,USGS,6.05,-9370,Unspecified,,,,NONE,1,Imported Channel 1,UNSP,QADCP,VADCP,-9370,,,,UNSP,UNSP,UNSP,unkn,UNSP,UNSP,UNSP,
USGS,11313434,6,2006-08-15 09:59:00,PST,Yes,???,USGS,6.08,-8600,Unspecified,,,,NONE,1,Imported Channel 1,UNSP,QADCP,VADCP,-8600,,,,UNSP,UNSP,UNSP,unkn,UNSP,UNSP,UNSP,
USGS,11313434,7,2006-08-15 10:13:00,PST,Yes,???,USGS,6.10,-7200,Unspecified,,,,NONE,1,Imported Channel 1,UNSP,QADCP,VADCP,-7200,,,,UNSP,UNSP,UNSP,unkn,UNSP,UNSP,UNSP,
USGS,11313434,8,2006-08-15 10:23:00,PST,Yes,???,USGS,6.09,-6200,Unspecified,,,,NONE,1,Imported Channel 1,UNSP,QADCP,VADCP,-6200,,,,UNSP,UNSP,UNSP,unkn,UNSP,UNSP,UNSP,
USGS,11313434,9,2006-08-15 10:35:00,PST,Yes,???,USGS,6.08,-5090,Unspecified,,,,NONE,1,Imported Channel 1,UNSP,QADCP,VADCP,-5090,,,,UNSP,UNSP,UNSP,unkn,UNSP,UNSP,UNSP,
USGS,11313434,10,2006-08-15 10:49:00,PST,Yes,???,USGS,6.05,-3360,Unspecified,,,,NONE,1,Imported Channel 1,UNSP,QADCP,VADCP,-3360,,,,UNSP,UNSP,UNSP,unkn,UNSP,UNSP,UNSP,
USGS,11313434,11,2006-08-15 11:12:00,PST,Yes,???,USGS,5.95,677,Unspecified,,,,NONE,1,Imported Channel 1,UNSP,QADCP,VADCP,677,,,,UNSP,UNSP,UNSP,unkn,UNSP,UNSP,UNSP,
USGS,11313434,12,2006-08-15 11:29:00,PST,Yes,???,USGS,5.84,2940,Unspecified,,,,NONE,1,Imported Channel 1,UNSP,QADCP,VADCP,2940,,,,UNSP,UNSP,UNSP,unkn,UNSP,UNSP,UNSP,
USGS,11313434,13,2006-08-15 11:41:00,PST,Yes,???,USGS,5.77,4560,Unspecified,,,,NONE,1,Imported Channel 1,UNSP,QADCP,VADCP,4560,,,,UNSP,UNSP,UNSP,unkn,UNSP,UNSP,UNSP,
USGS,11313434,15,2006-08-15 12:05:00,PST,Yes,???,USGS,5.63,6430,Unspecified,,,,NONE,1,Imported Channel 1,UNSP,QADCP,VADCP,6430,,,,UNSP,UNSP,UNSP,unkn,UNSP,UNSP,UNSP,
USGS,11313434,16,2006-08-15 12:19:00,PST,Yes,???,USGS,5.54,7340,Unspecified,,,,NONE,1,Imported Channel 1,UNSP,QADCP,VADCP,7340,,,,UNSP,UNSP,UNSP,unkn,UNSP,UNSP,UNSP,
USGS,11313434,17,2006-08-15 12:32:00,PST,Yes,???,USGS,5.46,7190,Unspecified,,,,NONE,1,Imported Channel 1,UNSP,QADCP,VADCP,7190,,,,UNSP,UNSP,UNSP,unkn,UNSP,UNSP,UNSP,
USGS,11313434,18,2006-08-15 12:46:00,PST,Yes,???,USGS,5.37,7430,Unspecified,,,,NONE,1,Imported Channel 1,UNSP,QADCP,VADCP,7430,,,,UNSP,UNSP,UNSP,unkn,UNSP,UNSP,UNSP,
USGS,11313434,19,2006-08-15 12:59:00,PST,Yes,???,USGS,5.28,7160,Unspecified,,,,NONE,1,Imported Channel 1,UNSP,QADCP,VADCP,7160,,,,UNSP,UNSP,UNSP,unkn,UNSP,UNSP,UNSP,
USGS,11313434,20,2006-08-15 13:11:00,PST,Yes,???,USGS,5.19,7420,Unspecified,,,,NONE,1,Imported Channel 1,UNSP,QADCP,VADCP,7420,,,,UNSP,UNSP,UNSP,unkn,UNSP,UNSP,UNSP,
USGS,11313434,21,2006-08-15 13:21:00,PST,Yes,???,USGS,5.13,7120,Unspecified,,,,NONE,1,Imported Channel 1,UNSP,QADCP,VADCP,7120,,,,UNSP,UNSP,UNSP,unkn,UNSP,UNSP,UNSP,
USGS,11313434,22,2006-08-15 13:36:00,PST,Yes,???,USGS,5.03,7060,Unspecified,,,,NONE,1,Imported Channel 1,UNSP,QADCP,VADCP,7060,,,,UNSP,UNSP,UNSP,unkn,UNSP,UNSP,UNSP,
USGS,11313434,23,2006-08-15 13:49:00,PST,Yes,???,USGS,4.95,6580,Unspecified,,,,NONE,1,Imported Channel 1,UNSP,QADCP,VADCP,6580,,,,UNSP,UNSP,UNSP,unkn,UNSP,UNSP,UNSP,
USGS,11313434,24,2006-08-15 14:06:00,PST,Yes,???,USGS,4.84,6100,Unspecified,,,,NONE,1,Imported Channel 1,UNSP,QADCP,VADCP,6100,,,,UNSP,UNSP,UNSP,unkn,UNSP,UNSP,UNSP,
USGS,11313434,25,2006-08-15 14:22:00,PST,Yes,???,USGS,4.77,5340,Unspecified,,,,NONE,1,Imported Channel 1,UNSP,QADCP,VADCP,5340,,,,UNSP,UNSP,UNSP,unkn,UNSP,UNSP,UNSP,
USGS,11313434,26,2006-08-15 14:32:00,PST,Yes,???,USGS,4.73,5170,Unspecified,,,,NONE,1,Imported Channel 1,UNSP,QADCP,VADCP,5170,,,,UNSP,UNSP,UNSP,unkn,UNSP,UNSP,UNSP,
USGS,11313434,27,2006-08-15 14:43:00,PST,Yes,???,USGS,4.68,4510,Unspecified,,,,NONE,1,Imported Channel 1,UNSP,QADCP,VADCP,4510,,,,UNSP,UNSP,UNSP,unkn,UNSP,UNSP,UNSP,
USGS,11313434,28,2006-08-15 14:53:00,PST,Yes,???,USGS,4.65,3720,Unspecified,,,,NONE,1,Imported Channel 1,UNSP,QADCP,VADCP,3720,,,,UNSP,UNSP,UNSP,unkn,UNSP,UNSP,UNSP,
USGS,11313434,29,2006-08-15 15:02:00,PST,Yes,???,USGS,4.64,3000,Unspecified,,,,NONE,1,Imported Channel 1,UNSP,QADCP,VADCP,3000,,,,UNSP,UNSP,UNSP,unkn,UNSP,UNSP,UNSP,
USGS,11313434,30,2006-08-15 15:12:00,PST,Yes,???,USGS,4.64,2020,Unspecified,,,,NONE,1,Imported Channel 1,UNSP,QADCP,VADCP,2020,,,,UNSP,UNSP,UNSP,unkn,UNSP,UNSP,UNSP,
USGS,11313434,31,2007-04-03 06:31:00,PST,Yes,???,USGS,5.92,4630,Unspecified,,,,NONE,1,Imported Channel 1,UNSP,QADCP,VADCP,4630,,,,UNSP,UNSP,UNSP,unkn,UNSP,UNSP,UNSP,
USGS,11313434,32,2007-04-03 06:38:00,PST,Yes,???,USGS,5.86,6180,Unspecified,,,,NONE,1,Imported Channel 1,UNSP,QADCP,VADCP,6180,,,,UNSP,UNSP,UNSP,unkn,UNSP,UNSP,UNSP,
USGS,11313434,33,2007-04-03 06:45:00,PST,Yes,???,USGS,5.82,7270,Unspecified,,,,NONE,1,Imported Channel 1,UNSP,QADCP,VADCP,7270,,,,UNSP,UNSP,UNSP,unkn,UNSP,UNSP,UNSP,
USGS,11313434,34,2007-04-03 06:51:00,PST,Yes,???,USGS,5.78,8440,Unspecified,,,,NONE,1,Imported Channel 1,UNSP,QADCP,VADCP,8440,,,,UNSP,UNSP,UNSP,unkn,UNSP,UNSP,UNSP,
USGS,11313434,35,2007-04-03 06:58:00,PST,Yes,???,USGS,5.73,9310,Unspecified,,,,NONE,1,Imported Channel 1,UNSP,QADCP,VADCP,9310,,,,UNSP,UNSP,UNSP,unkn,UNSP,UNSP,UNSP,
USGS,11313434,36,2007-04-03 07:04:00,PST,Yes,???,USGS,5.69,9660,Unspecified,,,,NONE,1,Imported Channel 1,UNSP,QADCP,VADCP,9660,,,,UNSP,UNSP,UNSP,unkn,UNSP,UNSP,UNSP,
USGS,11313434,37,2007-04-03 07:11:00,PST,Yes,???,USGS,5.65,10400,Unspecified,,,,NONE,1,Imported Channel 1,UNSP,QADCP,VADCP,10400,,,,UNSP,UNSP,UNSP,unkn,UNSP,UNSP,UNSP,
USGS,11313434,38,2007-04-03 07:19:00,PST,Yes,???,USGS,5.59,10500,Unspecified,,,,NONE,1,Imported Channel 1,UNSP,QADCP,VADCP,10500,,,,UNSP,UNSP,UNSP,unkn,UNSP,UNSP,UNSP,
USGS,11313434,39,2007-04-03 07:26:00,PST,Yes,???,USGS,5.52,11300,Unspecified,,,,NONE,1,Imported Channel 1,UNSP,QADCP,VADCP,11300,,,,UNSP,UNSP,UNSP,unkn,UNSP,UNSP,UNSP,
USGS,11313434,40,2007-04-03 07:33:00,PST,Yes,???,USGS,5.47,11300,Unspecified,,,,NONE,1,Imported Channel 1,UNSP,QADCP,VADCP,11300,,,,UNSP,UNSP,UNSP,unkn,UNSP,UNSP,UNSP,
USGS,11313434,41,2007-04-03 07:40:00,PST,Yes,???,USGS,5.43,11500,Unspecified,,,,NONE,1,Imported Channel 1,UNSP,QADCP,VADCP,11500,,,,UNSP,UNSP,UNSP,unkn,UNSP,UNSP,UNSP,
USGS,11313434,42,2007-04-03 07:46:00,PST,Yes,???,USGS,5.37,11400,Unspecified,,,,NONE,1,Imported Channel 1,UNSP,QADCP,VADCP,11400,,,,UNSP,UNSP,UNSP,unkn,UNSP,UNSP,UNSP,
USGS,11313434,43,2007-04-03 08:05:00,PST,Yes,???,USGS,5.21,12300,Unspecified,,,,NONE,1,Imported Channel 1,UNSP,QADCP,VADCP,12300,,,,UNSP,UNSP,UNSP,unkn,UNSP,UNSP,UNSP,
USGS,11313434,44,2007-04-03 08:11:00,PST,Yes,???,USGS,5.15,12200,Unspecified,,,,NONE,1,Imported Channel 1,UNSP,QADCP,VADCP,12200,,,,UNSP,UNSP,UNSP,unkn,UNSP,UNSP,UNSP,
USGS,11313434,45,2007-04-03 08:17:00,PST,Yes,???,USGS,5.10,12600,Unspecified,,,,NONE,1,Imported Channel 1,UNSP,QADCP,VADCP,12600,,,,UNSP,UNSP,UNSP,unkn,UNSP,UNSP,UNSP,
USGS,11313434,46,2007-04-03 08:23:00,PST,Yes,???,USGS,5.05,12300,Unspecified,,,,NONE,1,Imported Channel 1,UNSP,QADCP,VADCP,12300,,,,UNSP,UNSP,UNSP,unkn,UNSP,UNSP,UNSP,
USGS,11313434,47,2007-04-03 08:30:00,PST,Yes,???,USGS,4.99,12400,Unspecified,,,,NONE,1,Imported Channel 1,UNSP,QADCP,VADCP,12400,,,,UNSP,UNSP,UNSP,unkn,UNSP,UNSP,UNSP,
USGS,11313434,48,2007-04-03 08:37:00,PST,Yes,???,USGS,4.92,12200,Unspecified,,,,NONE,1,Imported Channel 1,UNSP,QADCP,VADCP,12200,,,,UNSP,UNSP,UNSP,unkn,UNSP,UNSP,UNSP,
USGS,11313434,49,2007-04-03 09:07:00,PST,Yes,???,USGS,4.65,11800,Unspecified,,,,NONE,1,Imported Channel 1,UNSP,QADCP,VADCP,11800,,,,UNSP,UNSP,UNSP,unkn,UNSP,UNSP,UNSP,
USGS,11313434,50,2007-04-03 09:14:00,PST,Yes,???,USGS,4.59,11300,Unspecified,,,,NONE,1,Imported Channel 1,UNSP,QADCP,VADCP,11300,,,,UNSP,UNSP,UNSP,unkn,UNSP,UNSP,UNSP,
USGS,11313434,51,2007-04-03 09:22:00,PST,Yes,???,USGS,4.53,11400,Unspecified,,,,NONE,1,Imported Channel 1,UNSP,QADCP,VADCP,11400,,,,UNSP,UNSP,UNSP,unkn,UNSP,UNSP,UNSP,
USGS,11313434,52,2007-04-03 09:28:00,PST,Yes,???,USGS,4.48,10900,Unspecified,,,,NONE,1,Imported Channel 1,UNSP,QADCP,VADCP,10900,,,,UNSP,UNSP,UNSP,unkn,UNSP,UNSP,UNSP,
USGS,11313434,53,2007-04-03 09:34:00,PST,Yes,???,USGS,4.43,11100,Unspecified,,,,NONE,1,Imported Channel 1,UNSP,QADCP,VADCP,11100,,,,UNSP,UNSP,UNSP,unkn,UNSP,UNSP,UNSP,
USGS,11313434,54,2007-04-03 09:40:00,PST,Yes,???,USGS,4.36,10800,Unspecified,,,,NONE,1,Imported Channel 1,UNSP,QADCP,VADCP,10800,,,,UNSP,UNSP,UNSP,unkn,UNSP,UNSP,UNSP,
USGS,11313434,55,2007-04-03 10:03:00,PST,Yes,???,USGS,4.16,10700,Unspecified,,,,NONE,1,Imported Channel 1,UNSP,QADCP,VADCP,10700,,,,UNSP,UNSP,UNSP,unkn,UNSP,UNSP,UNSP,
USGS,11313434,56,2007-04-03 10:09:00,PST,Yes,???,USGS,4.12,10600,Unspecified,,,,NONE,1,Imported Channel 1,UNSP,QADCP,VADCP,10600,,,,UNSP,UNSP,UNSP,unkn,UNSP,UNSP,UNSP,
USGS,11313434,57,2007-04-03 10:15:00,PST,Yes,???,USGS,4.07,10800,Unspecified,,,,NONE,1,Imported Channel 1,UNSP,QADCP,VADCP,10800,,,,UNSP,UNSP,UNSP,unkn,UNSP,UNSP,UNSP,
USGS,11313434,58,2007-04-03 10:22:00,PST,Yes,???,USGS,4.02,10600,Unspecified,,,,NONE,1,Imported Channel 1,UNSP,QADCP,VADCP,10600,,,,UNSP,UNSP,UNSP,unkn,UNSP,UNSP,UNSP,
USGS,11313434,59,2007-04-03 10:28:00,PST,Yes,???,USGS,3.97,10800,Unspecified,,,,NONE,1,Imported Channel 1,UNSP,QADCP,VADCP,10800,,,,UNSP,UNSP,UNSP,unkn,UNSP,UNSP,UNSP,
USGS,11313434,60,2007-04-03 10:34:00,PST,Yes,???,USGS,3.93,10500,Unspecified,,,,NONE,1,Imported Channel 1,UNSP,QADCP,VADCP,10500,,,,UNSP,UNSP,UNSP,unkn,UNSP,UNSP,UNSP,
USGS,11313434,61,2007-04-03 10:53:00,PST,Yes,???,USGS,3.79,10200,Unspecified,,,,NONE,1,Imported Channel 1,UNSP,QADCP,VADCP,10200,,,,UNSP,UNSP,UNSP,unkn,UNSP,UNSP,UNSP,
USGS,11313434,62,2007-04-03 11:01:00,PST,Yes,???,USGS,3.73,9880,Unspecified,,,,NONE,1,Imported Channel 1,UNSP,QADCP,VADCP,9880,,,,UNSP,UNSP,UNSP,unkn,UNSP,UNSP,UNSP,
USGS,11313434,63,2007-04-03 11:07:00,PST,Yes,???,USGS,3.68,10000,Unspecified,,,,NONE,1,Imported Channel 1,UNSP,QADCP,VADCP,10000,,,,UNSP,UNSP,UNSP,unkn,UNSP,UNSP,UNSP,
USGS,11313434,64,2007-04-03 11:14:00,PST,Yes,???,USGS,3.64,9570,Unspecified,,,,NONE,1,Imported Channel 1,UNSP,QADCP,VADCP,9570,,,,UNSP,UNSP,UNSP,unkn,UNSP,UNSP,UNSP,
USGS,11313434,65,2007-04-03 11:19:00,PST,Yes,???,USGS,3.60,9500,Unspecified,,,,NONE,1,Imported Channel 1,UNSP,QADCP,VADCP,9500,,,,UNSP,UNSP,UNSP,unkn,UNSP,UNSP,UNSP,
USGS,11313434,66,2007-04-03 11:25:00,PST,Yes,???,USGS,3.56,9140,Unspecified,,,,NONE,1,Imported Channel 1,UNSP,QADCP,VADCP,9140,,,,UNSP,UNSP,UNSP,unkn,UNSP,UNSP,UNSP,
USGS,11313434,67,2007-04-03 11:32:00,PST,Yes,???,USGS,3.52,9250,Unspecified,,,,NONE,1,Imported Channel 1,UNSP,QADCP,VADCP,9250,,,,UNSP,UNSP,UNSP,unkn,UNSP,UNSP,UNSP,
USGS,11313434,68,2007-04-03 11:55:00,PST,Yes,???,USGS,3.41,8160,Unspecified,,,,NONE,1,Imported Channel 1,UNSP,QADCP,VADCP,8160,,,,UNSP,UNSP,UNSP,unkn,UNSP,UNSP,UNSP,
USGS,11313434,69,2007-04-03 12:01:00,PST,Yes,???,USGS,3.38,8340,Unspecified,,,,NONE,1,Imported Channel 1,UNSP,QADCP,VADCP,8340,,,,UNSP,UNSP,UNSP,unkn,UNSP,UNSP,UNSP,
USGS,11313434,70,2007-04-03 12:08:00,PST,Yes,???,USGS,3.36,7780,Unspecified,,,,NONE,1,Imported Channel 1,UNSP,QADCP,VADCP,7780,,,,UNSP,UNSP,UNSP,unkn,UNSP,UNSP,UNSP,
USGS,11313434,71,2007-04-03 12:14:00,PST,Yes,???,USGS,3.34,7210,Unspecified,,,,NONE,1,Imported Channel 1,UNSP,QADCP,VADCP,7210,,,,UNSP,UNSP,UNSP,unkn,UNSP,UNSP,UNSP,
USGS,11313434,72,2007-04-03 12:24:00,PST,Yes,???,USGS,3.32,6520,Unspecified,,,,NONE,1,Imported Channel 1,UNSP,QADCP,VADCP,6520,,,,UNSP,UNSP,UNSP,unkn,UNSP,UNSP,UNSP,
USGS,11313434,73,2007-04-03 12:30:00,PST,Yes,???,USGS,3.32,6040,Unspecified,,,,NONE,1,Imported Channel 1,UNSP,QADCP,VADCP,6040,,,,UNSP,UNSP,UNSP,unkn,UNSP,UNSP,UNSP,
USGS,11313434,74,2007-04-03 12:36:00,PST,Yes,???,USGS,3.34,5580,Unspecified,,,,NONE,1,Imported Channel 1,UNSP,QADCP,VADCP,5580,,,,UNSP,UNSP,UNSP,unkn,UNSP,UNSP,UNSP,
USGS,11313434,75,2007-04-03 12:42:00,PST,Yes,???,USGS,3.35,4710,Unspecified,,,,NONE,1,Imported Channel 1,UNSP,QADCP,VADCP,4710,,,,UNSP,UNSP,UNSP,unkn,UNSP,UNSP,UNSP,
USGS,11313434,76,2007-04-03 12:49:00,PST,Yes,???,USGS,3.38,3360,Unspecified,,,,NONE,1,Imported Channel 1,UNSP,QADCP,VADCP,3360,,,,UNSP,UNSP,UNSP,unkn,UNSP,UNSP,UNSP,
USGS,11313434,77,2007-04-03 12:56:00,PST,Yes,???,USGS,3.42,2350,Unspecified,,,,NONE,1,Imported Channel 1,UNSP,QADCP,VADCP,2350,,,,UNSP,UNSP,UNSP,unkn,UNSP,UNSP,UNSP,
USGS,11313434,78,2007-04-03 13:03:00,PST,Yes,???,USGS,3.47,1230,Unspecified,,,,NONE,1,Imported Channel 1,UNSP,QADCP,VADCP,1230,,,,UNSP,UNSP,UNSP,unkn,UNSP,UNSP,UNSP,
USGS,11313434,79,2007-04-03 13:09:00,PST,Yes,???,USGS,3.52,-726,Unspecified,,,,NONE,1,Imported Channel 1,UNSP,QADCP,VADCP,-726,,,,UNSP,UNSP,UNSP,unkn,UNSP,UNSP,UNSP,
USGS,11313434,80,2007-04-03 13:15:00,PST,Yes,???,USGS,3.57,-1840,Unspecified,,,,NONE,1,Imported Channel 1,UNSP,QADCP,VADCP,-1840,,,,UNSP,UNSP,UNSP,unkn,UNSP,UNSP,UNSP,
USGS,11313434,81,2007-04-03 13:21:00,PST,Yes,???,USGS,3.64,-3270,Unspecified,,,,NONE,1,Imported Channel 1,UNSP,QADCP,VADCP,-3270,,,,UNSP,UNSP,UNSP,unkn,UNSP,UNSP,UNSP,
USGS,11313434,82,2007-04-03 13:28:00,PST,Yes,???,USGS,3.72,-5260,Unspecified,,,,NONE,1,Imported Channel 1,UNSP,QADCP,VADCP,-5260,,,,UNSP,UNSP,UNSP,unkn,UNSP,UNSP,UNSP,
USGS,11313434,83,2007-04-03 13:35:00,PST,Yes,???,USGS,3.76,-6940,Unspecified,,,,NONE,1,Imported Channel 1,UNSP,QADCP,VADCP,-6940,,,,UNSP,UNSP,UNSP,unkn,UNSP,UNSP,UNSP,
USGS,11313434,84,2007-04-03 13:41:00,PST,Yes,???,USGS,3.82,-7450,Unspecified,,,,NONE,1,Imported Channel 1,UNSP,QADCP,VADCP,-7450,,,,UNSP,UNSP,UNSP,unkn,UNSP,UNSP,UNSP,
USGS,11313434,85,2007-04-03 13:47:00,PST,Yes,???,USGS,3.88,-8620,Unspecified,,,,NONE,1,Imported Channel 1,UNSP,QADCP,VADCP,-8620,,,,UNSP,UNSP,UNSP,unkn,UNSP,UNSP,UNSP,
USGS,11313434,86,2007-04-03 13:53:00,PST,Yes,???,USGS,3.93,-10100,Unspecified,,,,NONE,1,Imported Channel 1,UNSP,QADCP,VADCP,-10100,,,,UNSP,UNSP,UNSP,unkn,UNSP,UNSP,UNSP,
USGS,11313434,87,2007-04-03 14:00:00,PST,Yes,???,USGS,3.98,-10400,Unspecified,,,,NONE,1,Imported Channel 1,UNSP,QADCP,VADCP,-10400,,,,UNSP,UNSP,UNSP,unkn,UNSP,UNSP,UNSP,
USGS,11313434,88,2007-04-03 14:07:00,PST,Yes,???,USGS,4.04,-11100,Unspecified,,,,NONE,1,Imported Channel 1,UNSP,QADCP,VADCP,-11100,,,,UNSP,UNSP,UNSP,unkn,UNSP,UNSP,UNSP,
USGS,11313434,89,2007-04-03 14:14:00,PST,Yes,???,USGS,4.09,-12000,Unspecified,,,,NONE,1,Imported Channel 1,UNSP,QADCP,VADCP,-12000,,,,UNSP,UNSP,UNSP,unkn,UNSP,UNSP,UNSP,
USGS,11313434,90,2007-04-03 14:21:00,PST,Yes,???,USGS,4.15,-13100,Unspecified,,,,NONE,1,Imported Channel 1,UNSP,QADCP,VADCP,-13100,,,,UNSP,UNSP,UNSP,unkn,UNSP,UNSP,UNSP,
USGS,11313434,91,2007-04-03 14:37:00,PST,Yes,???,USGS,4.28,-13900,Unspecified,,,,NONE,1,Imported Channel 1,UNSP,QADCP,VADCP,-13900,,,,UNSP,UNSP,UNSP,unkn,UNSP,UNSP,UNSP,
USGS,11313434,92,2007-04-03 14:44:00,PST,Yes,???,USGS,4.32,-14100,Unspecified,,,,NONE,1,Imported Channel 1,UNSP,QADCP,VADCP,-14100,,,,UNSP,UNSP,UNSP,unkn,UNSP,UNSP,UNSP,
USGS,11313434,93,2007-04-03 14:50:00,PST,Yes,???,USGS,4.38,-13800,Unspecified,,,,NONE,1,Imported Channel 1,UNSP,QADCP,VADCP,-13800,,,,UNSP,UNSP,UNSP,unkn,UNSP,UNSP,UNSP,
USGS,11313434,94,2007-04-03 14:57:00,PST,Yes,???,USGS,4.43,-14700,Unspecified,,,,NONE,1,Imported Channel 1,UNSP,QADCP,VADCP,-14700,,,,UNSP,UNSP,UNSP,unkn,UNSP,UNSP,UNSP,
USGS,11313434,95,2007-04-03 15:03:00,PST,Yes,???,USGS,4.49,-14400,Unspecified,,,,NONE,1,Imported Channel 1,UNSP,QADCP,VADCP,-14400,,,,UNSP,UNSP,UNSP,unkn,UNSP,UNSP,UNSP,
USGS,11313434,96,2007-04-03 15:10:00,PST,Yes,???,USGS,4.55,-14600,Unspecified,,,,NONE,1,Imported Channel 1,UNSP,QADCP,VADCP,-14600,,,,UNSP,UNSP,UNSP,unkn,UNSP,UNSP,UNSP,
USGS,11313434,97,2007-04-03 15:16:00,PST,Yes,???,USGS,4.60,-14500,Unspecified,,,,NONE,1,Imported Channel 1,UNSP,QADCP,VADCP,-14500,,,,UNSP,UNSP,UNSP,unkn,UNSP,UNSP,UNSP,
USGS,11313434,98,2007-04-03 15:23:00,PST,Yes,???,USGS,4.66,-14500,Unspecified,,,,NONE,1,Imported Channel 1,UNSP,QADCP,VADCP,-14500,,,,UNSP,UNSP,UNSP,unkn,UNSP,UNSP,UNSP,
USGS,11313434,99,2007-04-03 15:31:00,PST,Yes,???,USGS,4.71,-14400,Unspecified,,,,NONE,1,Imported Channel 1,UNSP,QADCP,VADCP,-14400,,,,UNSP,UNSP,UNSP,unkn,UNSP,UNSP,UNSP,
USGS,11313434,100,2007-04-03 15:38:00,PST,Yes,???,USGS,4.77,-15700,Unspecified,,,,NONE,1,Imported Channel 1,UNSP,QADCP,VADCP,-15700,,,,UNSP,UNSP,UNSP,unkn,UNSP,UNSP,UNSP,
USGS,11313434,101,2007-04-03 15:46:00,PST,Yes,???,USGS,4.84,-15600,Unspecified,,,,NONE,1,Imported Channel 1,UNSP,QADCP,VADCP,-15600,,,,UNSP,UNSP,UNSP,unkn,UNSP,UNSP,UNSP,
USGS,11313434,102,2007-04-03 15:54:00,PST,Yes,???,USGS,4.91,-15500,Unspecified,,,,NONE,1,Imported Channel 1,UNSP,QADCP,VADCP,-15500,,,,UNSP,UNSP,UNSP,unkn,UNSP,UNSP,UNSP,
USGS,11313434,103,2007-04-03 16:04:00,PST,Yes,???,USGS,4.99,-15000,Unspecified,,,,NONE,1,Imported Channel 1,UNSP,QADCP,VADCP,-15000,,,,UNSP,UNSP,UNSP,unkn,UNSP,UNSP,UNSP,
USGS,11313434,104,2007-04-03 16:11:00,PST,Yes,???,USGS,5.06,-14300,Unspecified,,,,NONE,1,Imported Channel 1,UNSP,QADCP,VADCP,-14300,,,,UNSP,UNSP,UNSP,unkn,UNSP,UNSP,UNSP,
USGS,11313434,105,2007-04-03 16:19:00,PST,Yes,???,USGS,5.12,-14600,Unspecified,,,,NONE,1,Imported Channel 1,UNSP,QADCP,VADCP,-14600,,,,UNSP,UNSP,UNSP,unkn,UNSP,UNSP,UNSP,
USGS,11313434,106,2007-04-03 16:26:00,PST,Yes,???,USGS,5.17,-14900,Unspecified,,,,NONE,1,Imported Channel 1,UNSP,QADCP,VADCP,-14900,,,,UNSP,UNSP,UNSP,unkn,UNSP,UNSP,UNSP,
USGS,11313434,137,2007-07-31 07:27:00,PST,Yes,PSx/JEG,USGS,6.72,12000,Unspecified,,,,NONE,1,Imported Channel 1,UNSP,QADCP,VADCP,12000,604,,0.87,UNSP,UNSP,UNSP,unkn,UNSP,UNSP,UNSP,
USGS,11313434,138,2007-07-31 07:40:00,PST,Yes,PSx/JEG,USGS,6.60,12500,Unspecified,,,,NONE,1,Imported Channel 1,UNSP,QADCP,VADCP,12500,616,,0.90,UNSP,UNSP,UNSP,unkn,UNSP,UNSP,UNSP,
USGS,11313434,139,2007-07-31 07:47:00,PST,Yes,PSx/JEG,USGS,6.54,12900,Unspecified,,,,NONE,1,Imported Channel 1,UNSP,QADCP,VADCP,12900,588,,0.96,UNSP,UNSP,UNSP,unkn,UNSP,UNSP,UNSP,
USGS,11313434,140,2007-07-31 07:54:00,PST,Yes,PSx/JEG,USGS,6.47,13100,Unspecified,,,,NONE,1,Imported Channel 1,UNSP,QADCP,VADCP,13100,610,,0.98,UNSP,UNSP,UNSP,unkn,UNSP,UNSP,UNSP,
USGS,11313434,141,2007-07-31 10:04:00,PST,Yes,PSx/JEG,USGS,5.23,12000,Unspecified,,,,NONE,1,Imported Channel 1,UNSP,QADCP,VADCP,12000,631,,0.93,UNSP,UNSP,UNSP,unkn,UNSP,UNSP,UNSP,
USGS,11313434,142,2007-07-31 10:10:00,PST,Yes,PSx/JEG,USGS,5.16,11800,Unspecified,,,,NONE,1,Imported Channel 1,UNSP,QADCP,VADCP,11800,631,,0.86,UNSP,UNSP,UNSP,unkn,UNSP,UNSP,UNSP,
USGS,11313434,143,2007-07-31 10:16:00,PST,Yes,PSx/JEG,USGS,5.09,12000,Unspecified,,,,NONE,1,Imported Channel 1,UNSP,QADCP,VADCP,12000,628,,0.90,UNSP,UNSP,UNSP,unkn,UNSP,UNSP,UNSP,
USGS,11313434,144,2007-07-31 10:23:00,PST,Yes,PSx/JEG,USGS,5.04,12000,Unspecified,,,,NONE,1,Imported Channel 1,UNSP,QADCP,VADCP,12000,551,,0.99,UNSP,UNSP,UNSP,unkn,UNSP,UNSP,UNSP,
USGS,11313434,145,2007-07-31 10:33:00,PST,Yes,PSx/JEG,USGS,4.96,11800,Unspecified,,,,NONE,1,Imported Channel 1,UNSP,QADCP,VADCP,11800,594,,0.91,UNSP,UNSP,UNSP,unkn,UNSP,UNSP,UNSP,
USGS,11313434,146,2007-07-31 10:43:00,PST,Yes,PSx/JEG,USGS,4.85,11800,Unspecified,,,,NONE,1,Imported Channel 1,UNSP,QADCP,VADCP,11800,611,,0.88,UNSP,UNSP,UNSP,unkn,UNSP,UNSP,UNSP,
USGS,11313434,147,2007-07-31 10:50:00,PST,Yes,PSx/JEG,USGS,4.79,11900,Unspecified,,,,NONE,1,Imported Channel 1,UNSP,QADCP,VADCP,11900,606,,0.92,UNSP,UNSP,UNSP,unkn,UNSP,UNSP,UNSP,
USGS,11313434,148,2007-07-31 10:57:00,PST,Yes,PSx/JEG,USGS,4.73,11600,Unspecified,,,,NONE,1,Imported Channel 1,UNSP,QADCP,VADCP,11600,602,,0.89,UNSP,UNSP,UNSP,unkn,UNSP,UNSP,UNSP,
USGS,11313434,149,2007-07-31 13:02:00,PST,Yes,PSx/JEG,USGS,3.84,7490,Unspecified,,,,NONE,1,Imported Channel 1,UNSP,QADCP,VADCP,7490,592,,0.60,UNSP,UNSP,UNSP,unkn,UNSP,UNSP,UNSP,
USGS,11313434,150,2007-07-31 13:08:00,PST,Yes,PSx/JEG,USGS,3.82,6840,Unspecified,,,,NONE,1,Imported Channel 1,UNSP,QADCP,VADCP,6840,599,,0.55,UNSP,UNSP,UNSP,unkn,UNSP,UNSP,UNSP,
USGS,11313434,151,2007-07-31 13:19:00,PST,Yes,PSx/JEG,USGS,3.81,5730,Unspecified,,,,NONE,1,Imported Channel 1,UNSP,QADCP,VADCP,5730,588,,0.49,UNSP,UNSP,UNSP,unkn,UNSP,UNSP,UNSP,
USGS,11313434,152,2007-07-31 13:25:00,PST,Yes,PSx/JEG,USGS,3.81,4840,Unspecified,,,,NONE,1,Imported Channel 1,UNSP,QADCP,VADCP,4840,594,,0.41,UNSP,UNSP,UNSP,unkn,UNSP,UNSP,UNSP,
USGS,11313434,153,2007-07-31 13:32:00,PST,Yes,PSx/JEG,USGS,3.82,3750,Unspecified,,,,NONE,1,Imported Channel 1,UNSP,QADCP,VADCP,3750,584,,0.31,UNSP,UNSP,UNSP,unkn,UNSP,UNSP,UNSP,
USGS,11313434,154,2007-07-31 13:38:00,PST,Yes,PSx/JEG,USGS,3.86,2610,Unspecified,,,,NONE,1,Imported Channel 1,UNSP,QADCP,VADCP,2610,557,,0.26,UNSP,UNSP,UNSP,unkn,UNSP,UNSP,UNSP,
USGS,11313434,155,2007-07-31 13:45:00,PST,Yes,PSx/JEG,USGS,3.90,940,Unspecified,,,,NONE,1,Imported Channel 1,UNSP,QADCP,VADCP,940,576,,0.05,UNSP,UNSP,UNSP,unkn,UNSP,UNSP,UNSP,
USGS,11313434,156,2007-07-31 13:51:00,PST,Yes,PSx/JEG,USGS,3.96,-587,Unspecified,,,,NONE,1,Imported Channel 1,UNSP,QADCP,VADCP,-587,567,,-0.02,UNSP,UNSP,UNSP,unkn,UNSP,UNSP,UNSP,
USGS,11313434,157,2007-07-31 13:57:00,PST,Yes,PSx/JEG,USGS,4.02,-2680,Unspecified,,,,NONE,1,Imported Channel 1,UNSP,QADCP,VADCP,-2680,575,,-0.24,UNSP,UNSP,UNSP,unkn,UNSP,UNSP,UNSP,
USGS,11313434,158,2007-07-31 14:04:00,PST,Yes,PSx/JEG,USGS,4.08,-4170,Unspecified,,,,NONE,1,Imported Channel 1,UNSP,QADCP,VADCP,-4170,553,,-0.31,UNSP,UNSP,UNSP,unkn,UNSP,UNSP,UNSP,
USGS,11313434,159,2007-07-31 14:10:00,PST,Yes,PSx/JEG,USGS,4.15,-6600,Unspecified,,,,NONE,1,Imported Channel 1,UNSP,QADCP,VADCP,-6600,567,,-0.55,UNSP,UNSP,UNSP,unkn,UNSP,UNSP,UNSP,
USGS,11313434,160,2007-07-31 14:25:00,PST,Yes,PSx/JEG,USGS,4.28,-10000,Unspecified,,,,NONE,1,Imported Channel 1,UNSP,QADCP,VADCP,-10000,586,,-0.77,UNSP,UNSP,UNSP,unkn,UNSP,UNSP,UNSP,
USGS,11313434,161,2007-07-31 14:31:00,PST,Yes,PSx/JEG,USGS,4.34,-10800,Unspecified,,,,NONE,1,Imported Channel 1,UNSP,QADCP,VADCP,-10800,600,,-0.86,UNSP,UNSP,UNSP,unkn,UNSP,UNSP,UNSP,
USGS,11313434,162,2007-07-31 14:37:00,PST,Yes,PSx/JEG,USGS,4.39,-11700,Unspecified,,,,NONE,1,Imported Channel 1,UNSP,QADCP,VADCP,-11700,604,,-0.91,UNSP,UNSP,UNSP,unkn,UNSP,UNSP,UNSP,
USGS,11313434,163,2007-07-31 14:43:00,PST,Yes,PSx/JEG,USGS,4.45,-13100,Unspecified,,,,NONE,1,Imported Channel 1,UNSP,QADCP,VADCP,-13100,605,,-1.05,UNSP,UNSP,UNSP,unkn,UNSP,UNSP,UNSP,
USGS,11313434,164,2007-07-31 14:50:00,PST,Yes,PSx/JEG,USGS,4.50,-13900,Unspecified,,,,NONE,1,Imported Channel 1,UNSP,QADCP,VADCP,-13900,609,,-1.07,UNSP,UNSP,UNSP,unkn,UNSP,UNSP,UNSP,
USGS,11313434,165,2007-07-31 14:56:00,PST,Yes,PSx/JEG,USGS,4.55,-14300,Unspecified,,,,NONE,1,Imported Channel 1,UNSP,QADCP,VADCP,-14300,608,,-1.12,UNSP,UNSP,UNSP,unkn,UNSP,UNSP,UNSP,
USGS,11313434,166,2007-07-31 15:02:00,PST,Yes,PSx/JEG,USGS,4.60,-15000,Unspecified,,,,NONE,1,Imported Channel 1,UNSP,QADCP,VADCP,-15000,606,,-1.14,UNSP,UNSP,UNSP,unkn,UNSP,UNSP,UNSP,
USGS,11313434,167,2007-07-31 15:07:00,PST,Yes,PSx/JEG,USGS,4.65,-15600,Unspecified,,,,NONE,1,Imported Channel 1,UNSP,QADCP,VADCP,-15600,613,,-1.22,UNSP,UNSP,UNSP,unkn,UNSP,UNSP,UNSP,
USGS,11313434,168,2007-07-31 15:13:00,PST,Yes,PSx/JEG,USGS,4.71,-16000,Unspecified,,,,NONE,1,Imported Channel 1,UNSP,QADCP,VADCP,-16000,624,,-1.22,UNSP,UNSP,UNSP,unkn,UNSP,UNSP,UNSP,
USGS,11313434,169,2007-07-31 15:18:00,PST,Yes,PSx/JEG,USGS,4.75,-16100,Unspecified,,,,NONE,1,Imported Channel 1,UNSP,QADCP,VADCP,-16100,609,,-1.25,UNSP,UNSP,UNSP,unkn,UNSP,UNSP,UNSP,
USGS,11313434,170,2007-07-31 15:24:00,PST,Yes,PSx/JEG,USGS,4.78,-16300,Unspecified,,,,NONE,1,Imported Channel 1,UNSP,QADCP,VADCP,-16300,613,,-1.21,UNSP,UNSP,UNSP,unkn,UNSP,UNSP,UNSP,
USGS,11313434,171,2007-07-31 15:30:00,PST,Yes,PSx/JEG,USGS,4.82,-16200,Unspecified,,,,NONE,1,Imported Channel 1,UNSP,QADCP,VADCP,-16200,587,,-1.24,UNSP,UNSP,UNSP,unkn,UNSP,UNSP,UNSP,
USGS,11313434,172,2007-07-31 15:36:00,PST,Yes,PSx/JEG,USGS,4.87,-16600,Unspecified,,,,NONE,1,Imported Channel 1,UNSP,QADCP,VADCP,-16600,597,,-1.20,UNSP,UNSP,UNSP,unkn,UNSP,UNSP,UNSP,
USGS,11313434,173,2007-07-31 15:42:00,PST,Yes,PSx/JEG,USGS,4.93,-15900,Unspecified,,,,NONE,1,Imported Channel 1,UNSP,QADCP,VADCP,-15900,616,,-1.21,UNSP,UNSP,UNSP,unkn,UNSP,UNSP,UNSP,
USGS,11313434,174,2007-07-31 15:49:00,PST,Yes,PSx/JEG,USGS,4.99,-16800,Unspecified,,,,NONE,1,Imported Channel 1,UNSP,QADCP,VADCP,-16800,621,,-1.21,UNSP,UNSP,UNSP,unkn,UNSP,UNSP,UNSP,
USGS,11313434,175,2007-07-31 16:05:00,PST,Yes,PSx/JEG,USGS,5.15,-17400,Unspecified,,,,NONE,1,Imported Channel 1,UNSP,QADCP,VADCP,-17400,597,,-1.45,UNSP,UNSP,UNSP,unkn,UNSP,UNSP,UNSP,
USGS,11313434,176,2007-07-31 16:12:00,PST,Yes,PSx/JEG,USGS,5.22,-16700,Unspecified,,,,NONE,1,Imported Channel 1,UNSP,QADCP,VADCP,-16700,579,,-1.20,UNSP,UNSP,UNSP,unkn,UNSP,UNSP,UNSP,
USGS,11313434,177,2007-07-31 16:18:00,PST,Yes,PSx/JEG,USGS,5.28,-16700,Unspecified,,,,NONE,1,Imported Channel 1,UNSP,QADCP,VADCP,-16700,595,,-1.25,UNSP,UNSP,UNSP,unkn,UNSP,UNSP,UNSP,
USGS,11313434,178,2007-07-31 16:24:00,PST,Yes,PSx/JEG,USGS,5.33,-17500,Unspecified,,,,NONE,1,Imported Channel 1,UNSP,QADCP,VADCP,-17500,611,,-1.26,UNSP,UNSP,UNSP,unkn,UNSP,UNSP,UNSP,
USGS,11313434,179,2007-07-31 16:32:00,PST,Yes,PSx/JEG,USGS,5.41,-17200,Unspecified,,,,NONE,1,Imported Channel 1,UNSP,QADCP,VADCP,-17200,623,,-1.43,UNSP,UNSP,UNSP,unkn,UNSP,UNSP,UNSP,
USGS,11313434,180,2007-07-31 16:40:00,PST,Yes,PSx/JEG,USGS,5.49,-16700,Unspecified,,,,NONE,1,Imported Channel 1,UNSP,QADCP,VADCP,-16700,596,,-1.22,UNSP,UNSP,UNSP,unkn,UNSP,UNSP,UNSP,
USGS,11313434,181,2007-07-31 16:48:00,PST,Yes,PSx/JEG,USGS,5.57,-17300,Unspecified,,,,NONE,1,Imported Channel 1,UNSP,QADCP,VADCP,-17300,594,,-1.40,UNSP,UNSP,UNSP,unkn,UNSP,UNSP,UNSP,
USGS,11313434,182,2007-07-31 17:22:00,PST,Yes,PSx/JEG,USGS,5.90,-17500,Unspecified,,,,NONE,1,Imported Channel 1,UNSP,QADCP,VADCP,-17500,613,,-1.25,UNSP,UNSP,UNSP,unkn,UNSP,UNSP,UNSP,
USGS,11313434,183,2007-07-31 17:46:00,PST,Yes,PSx/JEG,USGS,6.09,-16200,Unspecified,,,,NONE,1,Imported Channel 1,UNSP,QADCP,VADCP,-16200,599,,-1.20,UNSP,UNSP,UNSP,unkn,UNSP,UNSP,UNSP,
USGS,11313434,184,2007-07-31 17:53:00,PST,Yes,PSx/JEG,USGS,6.15,-16400,Unspecified,,,,NONE,1,Imported Channel 1,UNSP,QADCP,VADCP,-16400,590,,-1.16,UNSP,UNSP,UNSP,unkn,UNSP,UNSP,UNSP,
USGS,11313434,185,2007-07-31 18:00:00,PST,Yes,PSx/JEG,USGS,6.21,-16100,Unspecified,,,,NONE,1,Imported Channel 1,UNSP,QADCP,VADCP,-16100,571,,-1.28,UNSP,UNSP,UNSP,unkn,UNSP,UNSP,UNSP,
USGS,11313434,186,2008-01-11 09:05:00,PST,Yes,PSx/CRB,USGS,5.62,1240,Unspecified,,,,NONE,1,Imported Channel 1,UNSP,QADCP,VADCP,1240,629,,0.15,UNSP,UNSP,UNSP,unkn,UNSP,UNSP,UNSP,
USGS,11313434,187,2008-01-11 09:15:00,PST,Yes,PSx/CRB,USGS,5.57,3530,Unspecified,,,,NONE,1,Imported Channel 1,UNSP,QADCP,VADCP,3530,626,,0.26,UNSP,UNSP,UNSP,unkn,UNSP,UNSP,UNSP,
USGS,11313434,188,2008-01-11 09:25:00,PST,Yes,PSx/CRB,USGS,5.51,4520,Unspecified,,,,NONE,1,Imported Channel 1,UNSP,QADCP,VADCP,4520,628,,0.34,UNSP,UNSP,UNSP,unkn,UNSP,UNSP,UNSP,
USGS,11313434,189,2008-01-11 09:36:00,PST,Yes,PSx/CRB,USGS,5.45,5720,Unspecified,,,,NONE,1,Imported Channel 1,UNSP,QADCP,VADCP,5720,633,,0.43,UNSP,UNSP,UNSP,unkn,UNSP,UNSP,UNSP,
USGS,11313434,190,2008-01-11 09:47:00,PST,Yes,PSx/CRB,USGS,5.38,6840,Unspecified,,,,NONE,1,Imported Channel 1,UNSP,QADCP,VADCP,6840,626,,0.52,UNSP,UNSP,UNSP,unkn,UNSP,UNSP,UNSP,
USGS,11313434,191,2008-01-11 10:00:00,PST,Yes,PSx/CRB,USGS,5.30,7210,Unspecified,,,,NONE,1,Imported Channel 1,UNSP,QADCP,VADCP,7210,629,,0.57,UNSP,UNSP,UNSP,unkn,UNSP,UNSP,UNSP,
USGS,11313434,192,2008-05-14 08:00:00,PST,Yes,JBD/JEG,USGS,3.83,8250,Unspecified,,,,NONE,1,Imported Channel 1,UNSP,QADCP,VADCP,8250,624,,0.70,UNSP,UNSP,UNSP,unkn,UNSP,UNSP,UNSP,
USGS,11313434,193,2008-05-14 08:08:00,PST,Yes,JBD/JEG,USGS,3.83,7690,Unspecified,,,,NONE,1,Imported Channel 1,UNSP,QADCP,VADCP,7690,605,,0.67,UNSP,UNSP,UNSP,unkn,UNSP,UNSP,UNSP,
USGS,11313434,194,2008-05-14 08:19:00,PST,Yes,JBD/JEG,USGS,3.85,6110,Unspecified,,,,NONE,1,Imported Channel 1,UNSP,QADCP,VADCP,6110,612,,0.54,UNSP,UNSP,UNSP,unkn,UNSP,UNSP,UNSP,
USGS,11313434,195,2008-05-14 08:27:00,PST,Yes,JBD/JEG,USGS,3.87,4880,Unspecified,,,,NONE,1,Imported Channel 1,UNSP,QADCP,VADCP,4880,607,,0.42,UNSP,UNSP,UNSP,unkn,UNSP,UNSP,UNSP,
USGS,11313434,196,2008-05-14 08:36:00,PST,Yes,JBD/JEG,USGS,3.91,3180,Unspecified,,,,NONE,1,Imported Channel 1,UNSP,QADCP,VADCP,3180,617,,0.25,UNSP,UNSP,UNSP,unkn,UNSP,UNSP,UNSP,
USGS,11313434,197,2008-05-14 08:44:00,PST,Yes,JBD/JEG,USGS,3.96,1670,Unspecified,,,,NONE,1,Imported Channel 1,UNSP,QADCP,VADCP,1670,622,,0.17,UNSP,UNSP,UNSP,unkn,UNSP,UNSP,UNSP,
USGS,11313434,198,2008-05-14 08:52:00,PST,Yes,JBD/JEG,USGS,4.02,-633,Unspecified,,,,NONE,1,Imported Channel 1,UNSP,QADCP,VADCP,-633,615,,-0.07,UNSP,UNSP,UNSP,unkn,UNSP,UNSP,UNSP,
USGS,11313434,199,2008-05-14 09:00:00,PST,Yes,JBD/JEG,USGS,4.08,-2280,Unspecified,,,,NONE,1,Imported Channel 1,UNSP,QADCP,VADCP,-2280,619,,-0.18,UNSP,UNSP,UNSP,unkn,UNSP,UNSP,UNSP,
USGS,11313434,200,2008-05-14 09:06:00,PST,Yes,JBD/JEG,USGS,4.12,-3470,Unspecified,,,,NONE,1,Imported Channel 1,UNSP,QADCP,VADCP,-3470,619,,-0.25,UNSP,UNSP,UNSP,unkn,UNSP,UNSP,UNSP,
USGS,11313434,201,2008-05-14 09:12:00,PST,Yes,JBD/JEG,USGS,4.17,-5000,Unspecified,,,,NONE,1,Imported Channel 1,UNSP,QADCP,VADCP,-5000,633,,-0.37,UNSP,UNSP,UNSP,unkn,UNSP,UNSP,UNSP,
USGS,11313434,202,2008-05-14 09:18:00,PST,Yes,JBD/JEG,USGS,4.21,-6050,Unspecified,,,,NONE,1,Imported Channel 1,UNSP,QADCP,VADCP,-6050,614,,-0.49,UNSP,UNSP,UNSP,unkn,UNSP,UNSP,UNSP,
USGS,11313434,203,2008-05-14 09:24:00,PST,Yes,JBD/JEG,USGS,4.24,-7150,Unspecified,,,,NONE,1,Imported Channel 1,UNSP,QADCP,VADCP,-7150,615,,-0.59,UNSP,UNSP,UNSP,unkn,UNSP,UNSP,UNSP,
USGS,11313434,204,2008-05-14 09:31:00,PST,Yes,JBD/JEG,USGS,4.28,-7740,Unspecified,,,,NONE,1,Imported Channel 1,UNSP,QADCP,VADCP,-7740,614,,-0.64,UNSP,UNSP,UNSP,unkn,UNSP,UNSP,UNSP,
USGS,11313434,205,2008-05-14 09:38:00,PST,Yes,JBD/JEG,USGS,4.32,-8680,Unspecified,,,,NONE,1,Imported Channel 1,UNSP,QADCP,VADCP,-8680,622,,-0.72,UNSP,UNSP,UNSP,unkn,UNSP,UNSP,UNSP,
USGS,11313434,206,2008-05-14 09:45:00,PST,Yes,JBD/JEG,USGS,4.38,-9260,Unspecified,,,,NONE,1,Imported Channel 1,UNSP,QADCP,VADCP,-9260,627,,-0.77,UNSP,UNSP,UNSP,unkn,UNSP,UNSP,UNSP,
USGS,11313434,207,2008-05-14 09:53:00,PST,Yes,JBD/JEG,USGS,4.42,-9880,Unspecified,,,,NONE,1,Imported Channel 1,UNSP,QADCP,VADCP,-9880,617,,-0.84,UNSP,UNSP,UNSP,unkn,UNSP,UNSP,UNSP,
USGS,11313434,208,2008-05-14 10:01:00,PST,Yes,JBD/JEG,USGS,4.47,-6170,Unspecified,,,,NONE,1,Imported Channel 1,UNSP,QADCP,VADCP,-6170,423,,-0.82,UNSP,UNSP,UNSP,unkn,UNSP,UNSP,UNSP,
USGS,11313434,209,2008-05-14 10:14:00,PST,Yes,JBD/JEG,USGS,4.56,-11700,Unspecified,,,,NONE,1,Imported Channel 1,UNSP,QADCP,VADCP,-11700,610,,-1.00,UNSP,UNSP,UNSP,unkn,UNSP,UNSP,UNSP,
USGS,11313434,210,2008-05-14 10:20:00,PST,Yes,JBD/JEG,USGS,4.61,-11600,Unspecified,,,,NONE,1,Imported Channel 1,UNSP,QADCP,VADCP,-11600,613,,-0.95,UNSP,UNSP,UNSP,unkn,UNSP,UNSP,UNSP,
USGS,11313434,211,2008-05-14 10:25:00,PST,Yes,JBD/JEG,USGS,4.64,-11600,Unspecified,,,,NONE,1,Imported Channel 1,UNSP,QADCP,VADCP,-11600,611,,-0.95,UNSP,UNSP,UNSP,unkn,UNSP,UNSP,UNSP,
USGS,11313434,212,2008-05-14 10:30:00,PST,Yes,JBD/JEG,USGS,4.68,-12000,Unspecified,,,,NONE,1,Imported Channel 1,UNSP,QADCP,VADCP,-12000,600,,-0.97,UNSP,UNSP,UNSP,unkn,UNSP,UNSP,UNSP,
USGS,11313434,213,2008-05-14 10:35:00,PST,Yes,JBD/JEG,USGS,4.72,-12000,Unspecified,,,,NONE,1,Imported Channel 1,UNSP,QADCP,VADCP,-12000,618,,-0.97,UNSP,UNSP,UNSP,unkn,UNSP,UNSP,UNSP,
USGS,11313434,214,2008-05-14 11:10:00,PST,Yes,JBD/JEG,USGS,4.95,-12700,Unspecified,,,,NONE,1,Imported Channel 1,UNSP,QADCP,VADCP,-12700,625,,-1.05,UNSP,UNSP,UNSP,unkn,UNSP,UNSP,UNSP,
USGS,11313434,215,2008-05-14 11:18:00,PST,Yes,JBD/JEG,USGS,5.00,-12500,Unspecified,,,,NONE,1,Imported Channel 1,UNSP,QADCP,VADCP,-12500,609,,-1.00,UNSP,UNSP,UNSP,unkn,UNSP,UNSP,UNSP,
USGS,11313434,216,2008-05-14 11:26:00,PST,Yes,JBD/JEG,USGS,5.06,-13100,Unspecified,,,,NONE,1,Imported Channel 1,UNSP,QADCP,VADCP,-13100,609,,-1.13,UNSP,UNSP,UNSP,unkn,UNSP,UNSP,UNSP,
USGS,11313434,217,2008-05-14 11:34:00,PST,Yes,JBD/JEG,USGS,5.13,-12900,Unspecified,,,,NONE,1,Imported Channel 1,UNSP,QADCP,VADCP,-12900,609,,-1.05,UNSP,UNSP,UNSP,unkn,UNSP,UNSP,UNSP,
USGS,11313434,218,2008-05-14 11:40:00,PST,Yes,JBD/JEG,USGS,5.17,-13000,Unspecified,,,,NONE,1,Imported Channel 1,UNSP,QADCP,VADCP,-13000,616,,-1.14,UNSP,UNSP,UNSP,unkn,UNSP,UNSP,UNSP,
USGS,11313434,219,2008-05-14 11:47:00,PST,Yes,JBD/JEG,USGS,5.22,-12600,Unspecified,,,,NONE,1,Imported Channel 1,UNSP,QADCP,VADCP,-12600,607,,-1.06,UNSP,UNSP,UNSP,unkn,UNSP,UNSP,UNSP,
USGS,11313434,220,2008-05-14 11:53:00,PST,Yes,JBD/JEG,USGS,5.25,-12500,Unspecified,,,,NONE,1,Imported Channel 1,UNSP,QADCP,VADCP,-12500,611,,-1.06,UNSP,UNSP,UNSP,unkn,UNSP,UNSP,UNSP,
USGS,11313434,221,2008-05-14 11:58:00,PST,Yes,JBD/JEG,USGS,5.29,-12300,Unspecified,,,,NONE,1,Imported Channel 1,UNSP,QADCP,VADCP,-12300,611,,-0.94,UNSP,UNSP,UNSP,unkn,UNSP,UNSP,UNSP,
USGS,11313434,222,2008-05-14 12:05:00,PST,Yes,JBD/JEG,USGS,5.33,-12400,Unspecified,,,,NONE,1,Imported Channel 1,UNSP,QADCP,VADCP,-12400,620,,-1.05,UNSP,UNSP,UNSP,unkn,UNSP,UNSP,UNSP,
USGS,11313434,223,2008-05-14 12:20:00,PST,Yes,JBD/JEG,USGS,5.41,-12000,Unspecified,,,,NONE,1,Imported Channel 1,UNSP,QADCP,VADCP,-12000,601,,-1.03,UNSP,UNSP,UNSP,unkn,UNSP,UNSP,UNSP,
USGS,11313434,224,2008-05-14 12:27:00,PST,Yes,JBD/JEG,USGS,5.44,-11200,Unspecified,,,,NONE,1,Imported Channel 1,UNSP,QADCP,VADCP,-11200,611,,-0.94,UNSP,UNSP,UNSP,unkn,UNSP,UNSP,UNSP,
USGS,11313434,225,2008-05-14 12:33:00,PST,Yes,JBD/JEG,USGS,5.47,-10900,Unspecified,,,,NONE,1,Imported Channel 1,UNSP,QADCP,VADCP,-10900,614,,-0.95,UNSP,UNSP,UNSP,unkn,UNSP,UNSP,UNSP,
USGS,11313434,226,2008-05-14 12:40:00,PST,Yes,JBD/JEG,USGS,5.50,-10100,Unspecified,,,,NONE,1,Imported Channel 1,UNSP,QADCP,VADCP,-10100,612,,-0.86,UNSP,UNSP,UNSP,unkn,UNSP,UNSP,UNSP,
USGS,11313434,227,2008-05-14 12:47:00,PST,Yes,JBD/JEG,USGS,5.53,-10100,Unspecified,,,,NONE,1,Imported Channel 1,UNSP,QADCP,VADCP,-10100,614,,-0.90,UNSP,UNSP,UNSP,unkn,UNSP,UNSP,UNSP,
USGS,11313434,228,2008-05-14 13:01:00,PST,Yes,JBD/JEG,USGS,5.55,-8540,Unspecified,,,,NONE,1,Imported Channel 1,UNSP,QADCP,VADCP,-8540,616,,-0.73,UNSP,UNSP,UNSP,unkn,UNSP,UNSP,UNSP,
USGS,11313434,229,2008-05-14 13:06:00,PST,Yes,JBD/JEG,USGS,5.56,-7900,Unspecified,,,,NONE,1,Imported Channel 1,UNSP,QADCP,VADCP,-7900,610,,-0.65,UNSP,UNSP,UNSP,unkn,UNSP,UNSP,UNSP,
USGS,11313434,230,2008-05-14 13:12:00,PST,Yes,JBD/JEG,USGS,5.56,-7840,Unspecified,,,,NONE,1,Imported Channel 1,UNSP,QADCP,VADCP,-7840,621,,-0.67,UNSP,UNSP,UNSP,unkn,UNSP,UNSP,UNSP,
USGS,11313434,231,2008-05-14 13:18:00,PST,Yes,JBD/JEG,USGS,5.56,-7070,Unspecified,,,,NONE,1,Imported Channel 1,UNSP,QADCP,VADCP,-7070,616,,-0.60,UNSP,UNSP,UNSP,unkn,UNSP,UNSP,UNSP,
USGS,11313434,232,2008-05-14 13:23:00,PST,Yes,JBD/JEG,USGS,5.56,-6520,Unspecified,,,,NONE,1,Imported Channel 1,UNSP,QADCP,VADCP,-6520,613,,-0.55,UNSP,UNSP,UNSP,unkn,UNSP,UNSP,UNSP,
USGS,11313434,233,2008-05-14 13:29:00,PST,Yes,JBD/JEG,USGS,5.56,-5640,Unspecified,,,,NONE,1,Imported Channel 1,UNSP,QADCP,VADCP,-5640,602,,-0.46,UNSP,UNSP,UNSP,unkn,UNSP,UNSP,UNSP,
USGS,11313434,234,2008-05-14 13:34:00,PST,Yes,JBD/JEG,USGS,5.55,-4910,Unspecified,,,,NONE,1,Imported Channel 1,UNSP,QADCP,VADCP,-4910,609,,-0.40,UNSP,UNSP,UNSP,unkn,UNSP,UNSP,UNSP,
USGS,11313434,235,2008-05-14 13:40:00,PST,Yes,JBD/JEG,USGS,5.53,-3920,Unspecified,,,,NONE,1,Imported Channel 1,UNSP,QADCP,VADCP,-3920,616,,-0.34,UNSP,UNSP,UNSP,unkn,UNSP,UNSP,UNSP,
USGS,11313434,236,2008-05-14 13:46:00,PST,Yes,JBD/JEG,USGS,5.52,-3010,Unspecified,,,,NONE,1,Imported Channel 1,UNSP,QADCP,VADCP,-3010,607,,-0.27,UNSP,UNSP,UNSP,unkn,UNSP,UNSP,UNSP,
USGS,11313434,237,2008-05-14 13:52:00,PST,Yes,JBD/JEG,USGS,5.49,-1850,Unspecified,,,,NONE,1,Imported Channel 1,UNSP,QADCP,VADCP,-1850,616,,-0.17,UNSP,UNSP,UNSP,unkn,UNSP,UNSP,UNSP,
USGS,11313434,238,2008-05-14 13:57:00,PST,Yes,JBD/JEG,USGS,5.46,-808,Unspecified,,,,NONE,1,Imported Channel 1,UNSP,QADCP,VADCP,-808,608,,-0.10,UNSP,UNSP,UNSP,unkn,UNSP,UNSP,UNSP,
USGS,11313434,239,2008-05-14 14:04:00,PST,Yes,JBD/JEG,USGS,5.43,453,Unspecified,,,,NONE,1,Imported Channel 1,UNSP,QADCP,VADCP,453,618,,0.08,UNSP,UNSP,UNSP,unkn,UNSP,UNSP,UNSP,
USGS,11313434,240,2008-05-14 14:12:00,PST,Yes,JBD/JEG,USGS,5.38,1840,Unspecified,,,,NONE,1,Imported Channel 1,UNSP,QADCP,VADCP,1840,613,,0.14,UNSP,UNSP,UNSP,unkn,UNSP,UNSP,UNSP,
USGS,11313434,241,2008-05-14 14:19:00,PST,Yes,JBD/JEG,USGS,5.34,2800,Unspecified,,,,NONE,1,Imported Channel 1,UNSP,QADCP,VADCP,2800,618,,0.20,UNSP,UNSP,UNSP,unkn,UNSP,UNSP,UNSP,
USGS,11313434,242,2008-05-14 14:27:00,PST,Yes,JBD/JEG,USGS,5.29,4520,Unspecified,,,,NONE,1,Imported Channel 1,UNSP,QADCP,VADCP,4520,611,,0.31,UNSP,UNSP,UNSP,unkn,UNSP,UNSP,UNSP,
USGS,11313434,243,2008-05-14 14:34:00,PST,Yes,JBD/JEG,USGS,5.26,5310,Unspecified,,,,NONE,1,Imported Channel 1,UNSP,QADCP,VADCP,5310,623,,0.38,UNSP,UNSP,UNSP,unkn,UNSP,UNSP,UNSP,
USGS,11313434,244,2008-05-14 14:40:00,PST,Yes,JBD/JEG,USGS,5.23,6250,Unspecified,,,,NONE,1,Imported Channel 1,UNSP,QADCP,VADCP,6250,616,,0.46,UNSP,UNSP,UNSP,unkn,UNSP,UNSP,UNSP,
USGS,11313434,245,2008-05-14 14:46:00,PST,Yes,JBD/JEG,USGS,5.19,6900,Unspecified,,,,NONE,1,Imported Channel 1,UNSP,QADCP,VADCP,6900,622,,0.53,UNSP,UNSP,UNSP,unkn,UNSP,UNSP,UNSP,
USGS,11313434,246,2008-05-14 14:52:00,PST,Yes,JBD/JEG,USGS,5.16,7660,Unspecified,,,,NONE,1,Imported Channel 1,UNSP,QADCP,VADCP,7660,630,,0.59,UNSP,UNSP,UNSP,unkn,UNSP,UNSP,UNSP,
USGS,11313434,247,2008-05-14 14:59:00,PST,Yes,JBD/JEG,USGS,5.12,8040,Unspecified,,,,NONE,1,Imported Channel 1,UNSP,QADCP,VADCP,8040,622,,0.62,UNSP,UNSP,UNSP,unkn,UNSP,UNSP,UNSP,
USGS,11313434,248,2008-05-14 15:04:00,PST,Yes,JBD/JEG,USGS,5.08,8330,Unspecified,,,,NONE,1,Imported Channel 1,UNSP,QADCP,VADCP,8330,626,,0.65,UNSP,UNSP,UNSP,unkn,UNSP,UNSP,UNSP,
USGS,11313434,249,2008-05-14 15:11:00,PST,Yes,JBD/JEG,USGS,5.04,9140,Unspecified,,,,NONE,1,Imported Channel 1,UNSP,QADCP,VADCP,9140,612,,0.72,UNSP,UNSP,UNSP,unkn,UNSP,UNSP,UNSP,
USGS,11313434,250,2008-05-14 15:17:00,PST,Yes,JBD/JEG,USGS,5.00,9250,Unspecified,,,,NONE,1,Imported Channel 1,UNSP,QADCP,VADCP,9250,627,,0.74,UNSP,UNSP,UNSP,unkn,UNSP,UNSP,UNSP,
USGS,11313434,251,2008-05-14 15:24:00,PST,Yes,JBD/JEG,USGS,4.95,9970,Unspecified,,,,NONE,1,Imported Channel 1,UNSP,QADCP,VADCP,9970,621,,0.77,UNSP,UNSP,UNSP,unkn,UNSP,UNSP,UNSP,
USGS,11313434,252,2008-05-14 15:48:00,PST,Yes,JBD/JEG,USGS,4.78,11000,Unspecified,,,,NONE,1,Imported Channel 1,UNSP,QADCP,VADCP,11000,605,,0.87,UNSP,UNSP,UNSP,unkn,UNSP,UNSP,UNSP,
USGS,11313434,253,2008-05-14 15:54:00,PST,Yes,JBD/JEG,USGS,4.74,11100,Unspecified,,,,NONE,1,Imported Channel 1,UNSP,QADCP,VADCP,11100,615,,0.89,UNSP,UNSP,UNSP,unkn,UNSP,UNSP,UNSP,
USGS,11313434,254,2008-05-14 16:02:00,PST,Yes,JBD/JEG,USGS,4.69,11200,Unspecified,,,,NONE,1,Imported Channel 1,UNSP,QADCP,VADCP,11200,614,,0.92,UNSP,UNSP,UNSP,unkn,UNSP,UNSP,UNSP,
USGS,11313434,255,2008-05-14 16:10:00,PST,Yes,JBD/JEG,USGS,4.62,11300,Unspecified,,,,NONE,1,Imported Channel 1,UNSP,QADCP,VADCP,11300,622,,0.92,UNSP,UNSP,UNSP,unkn,UNSP,UNSP,UNSP,
USGS,11313434,256,2008-05-14 16:19:00,PST,Yes,JBD/JEG,USGS,4.55,11800,Unspecified,,,,NONE,1,Imported Channel 1,UNSP,QADCP,VADCP,11800,615,,0.96,UNSP,UNSP,UNSP,unkn,UNSP,UNSP,UNSP,
USGS,11313434,257,2008-05-14 16:27:00,PST,Yes,JBD/JEG,USGS,4.49,11700,Unspecified,,,,NONE,1,Imported Channel 1,UNSP,QADCP,VADCP,11700,638,,0.92,UNSP,UNSP,UNSP,unkn,UNSP,UNSP,UNSP,
USGS,11313434,258,2008-05-14 16:36:00,PST,Yes,JBD/JEG,USGS,4.43,11900,Unspecified,,,,NONE,1,Imported Channel 1,UNSP,QADCP,VADCP,11900,610,,0.98,UNSP,UNSP,UNSP,unkn,UNSP,UNSP,UNSP,
USGS,11313434,259,2008-05-14 16:44:00,PST,Yes,JBD/JEG,USGS,4.36,11600,Unspecified,,,,NONE,1,Imported Channel 1,UNSP,QADCP,VADCP,11600,622,,0.96,UNSP,UNSP,UNSP,unkn,UNSP,UNSP,UNSP,
USGS,11313434,260,2008-05-14 16:53:00,PST,Yes,JBD/JEG,USGS,4.29,11900,Unspecified,,,,NONE,1,Imported Channel 1,UNSP,QADCP,VADCP,11900,605,,0.99,UNSP,UNSP,UNSP,unkn,UNSP,UNSP,UNSP,
USGS,11313434,261,2008-05-14 17:02:00,PST,Yes,JBD/JEG,USGS,4.23,11900,Unspecified,,,,NONE,1,Imported Channel 1,UNSP,QADCP,VADCP,11900,608,,0.98,UNSP,UNSP,UNSP,unkn,UNSP,UNSP,UNSP,
USGS,11313434,262,2008-05-14 17:11:00,PST,Yes,JBD/JEG,USGS,4.16,12000,Unspecified,,,,NONE,1,Imported Channel 1,UNSP,QADCP,VADCP,12000,621,,1.01,UNSP,UNSP,UNSP,unkn,UNSP,UNSP,UNSP,
USGS,11313434,263,2008-05-14 17:21:00,PST,Yes,JBD/JEG,USGS,4.09,11700,Unspecified,,,,NONE,1,Imported Channel 1,UNSP,QADCP,VADCP,11700,606,,0.97,UNSP,UNSP,UNSP,unkn,UNSP,UNSP,UNSP,
USGS,11313434,264,2008-05-14 17:29:00,PST,Yes,JBD/JEG,USGS,4.02,11800,Unspecified,,,,NONE,1,Imported Channel 1,UNSP,QADCP,VADCP,11800,623,,0.97,UNSP,UNSP,UNSP,unkn,UNSP,UNSP,UNSP,
USGS,11313434,265,2008-05-14 17:36:00,PST,Yes,JBD/JEG,USGS,3.97,11500,Unspecified,,,,NONE,1,Imported Channel 1,UNSP,QADCP,VADCP,11500,612,,0.97,UNSP,UNSP,UNSP,unkn,UNSP,UNSP,UNSP,
USGS,11313434,266,2008-05-14 17:43:00,PST,Yes,JBD/JEG,USGS,3.92,11800,Unspecified,,,,NONE,1,Imported Channel 1,UNSP,QADCP,VADCP,11800,622,,0.98,UNSP,UNSP,UNSP,unkn,UNSP,UNSP,UNSP,
USGS,11313434,267,2008-05-14 17:49:00,PST,Yes,JBD/JEG,USGS,3.87,11300,Unspecified,,,,NONE,1,Imported Channel 1,UNSP,QADCP,VADCP,11300,610,,0.96,UNSP,UNSP,UNSP,unkn,UNSP,UNSP,UNSP,
USGS,11313434,268,2008-05-14 17:56:00,PST,Yes,JBD/JEG,USGS,3.83,11500,Unspecified,,,,NONE,1,Imported Channel 1,UNSP,QADCP,VADCP,11500,610,,0.97,UNSP,UNSP,UNSP,unkn,UNSP,UNSP,UNSP,
USGS,11313434,269,2008-05-14 18:02:00,PST,Yes,JBD/JEG,USGS,3.78,11200,Unspecified,,,,NONE,1,Imported Channel 1,UNSP,QADCP,VADCP,11200,613,,0.93,UNSP,UNSP,UNSP,unkn,UNSP,UNSP,UNSP,
USGS,11313434,270,2008-05-14 18:10:00,PST,Yes,JBD/JEG,USGS,3.73,11400,Unspecified,,,,NONE,1,Imported Channel 1,UNSP,QADCP,VADCP,11400,613,,0.98,UNSP,UNSP,UNSP,unkn,UNSP,UNSP,UNSP,
USGS,11313434,271,2008-05-14 18:19:00,PST,Yes,JBD/JEG,USGS,3.67,11300,Unspecified,,,,NONE,1,Imported Channel 1,UNSP,QADCP,VADCP,11300,611,,0.95,UNSP,UNSP,UNSP,unkn,UNSP,UNSP,UNSP,
USGS,11313434,272,2008-05-14 18:28:00,PST,Yes,JBD/JEG,USGS,3.62,11000,Unspecified,,,,NONE,1,Imported Channel 1,UNSP,QADCP,VADCP,11000,615,,0.95,UNSP,UNSP,UNSP,unkn,UNSP,UNSP,UNSP,
USGS,11313434,273,2008-05-14 18:36:00,PST,Yes,JBD/JEG,USGS,3.58,10800,Unspecified,,,,NONE,1,Imported Channel 1,UNSP,QADCP,VADCP,10800,626,,0.91,UNSP,UNSP,UNSP,unkn,UNSP,UNSP,UNSP,
USGS,11313434,274,2008-05-14 18:45:00,PST,Yes,JBD/JEG,USGS,3.53,10500,Unspecified,,,,NONE,1,Imported Channel 1,UNSP,QADCP,VADCP,10500,617,,0.87,UNSP,UNSP,UNSP,unkn,UNSP,UNSP,UNSP,
USGS,11313434,275,2008-05-14 18:53:00,PST,Yes,JBD/JEG,USGS,3.50,10400,Unspecified,,,,NONE,1,Imported Channel 1,UNSP,QADCP,VADCP,10400,613,,0.89,UNSP,UNSP,UNSP,unkn,UNSP,UNSP,UNSP,
USGS,11313434,276,2008-05-14 19:01:00,PST,Yes,JBD/JEG,USGS,3.46,10100,Unspecified,,,,NONE,1,Imported Channel 1,UNSP,QADCP,VADCP,10100,618,,0.85,UNSP,UNSP,UNSP,unkn,UNSP,UNSP,UNSP,
USGS,11313434,277,2008-05-14 19:09:00,PST,Yes,JBD/JEG,USGS,3.43,9690,Unspecified,,,,NONE,1,Imported Channel 1,UNSP,QADCP,VADCP,9690,622,,0.84,UNSP,UNSP,UNSP,unkn,UNSP,UNSP,UNSP,
USGS,11313434,278,2008-05-14 19:18:00,PST,Yes,JBD/JEG,USGS,3.40,9460,Unspecified,,,,NONE,1,Imported Channel 1,UNSP,QADCP,VADCP,9460,619,,0.78,UNSP,UNSP,UNSP,unkn,UNSP,UNSP,UNSP,
USGS,11313434,279,2008-06-17 06:59:00,PST,Yes,TMG/CAR,USGS,5.92,14300,Unspecified,,,,NONE,1,Imported Channel 1,UNSP,QADCP,VADCP,14300,633,,1.08,UNSP,UNSP,UNSP,unkn,UNSP,UNSP,UNSP,
USGS,11313434,280,2008-06-17 07:05:00,PST,Yes,TMG/CAR,USGS,5.87,14100,Unspecified,,,,NONE,1,Imported Channel 1,UNSP,QADCP,VADCP,14100,631,,1.06,UNSP,UNSP,UNSP,unkn,UNSP,UNSP,UNSP,
USGS,11313434,281,2008-06-17 07:15:00,PST,Yes,TMG/CAR,USGS,5.79,14100,Unspecified,,,,NONE,1,Imported Channel 1,UNSP,QADCP,VADCP,14100,621,,1.05,UNSP,UNSP,UNSP,unkn,UNSP,UNSP,UNSP,
USGS,11313434,282,2008-06-17 07:21:00,PST,Yes,TMG/CAR,USGS,5.73,14400,Unspecified,,,,NONE,1,Imported Channel 1,UNSP,QADCP,VADCP,14400,615,,1.07,UNSP,UNSP,UNSP,unkn,UNSP,UNSP,UNSP,
USGS,11313434,283,2008-06-17 07:30:00,PST,Yes,TMG/CAR,USGS,5.67,14000,Unspecified,,,,NONE,1,Imported Channel 1,UNSP,QADCP,VADCP,14000,643,,1.06,UNSP,UNSP,UNSP,unkn,UNSP,UNSP,UNSP,
USGS,11313434,284,2008-06-17 07:43:00,PST,Yes,TMG/CAR,USGS,5.55,14200,Unspecified,,,,NONE,1,Imported Channel 1,UNSP,QADCP,VADCP,14200,625,,1.03,UNSP,UNSP,UNSP,unkn,UNSP,UNSP,UNSP,
USGS,11313434,285,2008-06-17 07:54:00,PST,Yes,TMG/CAR,USGS,5.46,14500,Unspecified,,,,NONE,1,Imported Channel 1,UNSP,QADCP,VADCP,14500,638,,1.09,UNSP,UNSP,UNSP,unkn,UNSP,UNSP,UNSP,
USGS,11313434,286,2008-06-17 08:05:00,PST,Yes,TMG/CAR,USGS,5.36,13600,Unspecified,,,,NONE,1,Imported Channel 1,UNSP,QADCP,VADCP,13600,627,,1.03,UNSP,UNSP,UNSP,unkn,UNSP,UNSP,UNSP,
USGS,11313434,287,2008-08-20 08:43:00,PST,Yes,TMG/CAR,USGS,5.93,10600,Unspecified,,,,NONE,1,Imported Channel 1,UNSP,QADCP,VADCP,10600,573,,0.79,UNSP,UNSP,UNSP,unkn,UNSP,UNSP,UNSP,
USGS,11313434,288,2008-08-20 08:51:00,PST,Yes,TMG/CAR,USGS,5.88,10600,Unspecified,,,,NONE,1,Imported Channel 1,UNSP,QADCP,VADCP,10600,561,,0.81,UNSP,UNSP,UNSP,unkn,UNSP,UNSP,UNSP,
USGS,11313434,289,2008-08-20 08:58:00,PST,Yes,TMG/CAR,USGS,5.83,11200,Unspecified,,,,NONE,1,Imported Channel 1,UNSP,QADCP,VADCP,11200,598,,0.84,UNSP,UNSP,UNSP,unkn,UNSP,UNSP,UNSP,
USGS,11313434,290,2008-08-20 09:06:00,PST,Yes,TMG/CAR,USGS,5.78,11300,Unspecified,,,,NONE,1,Imported Channel 1,UNSP,QADCP,VADCP,11300,599,,0.85,UNSP,UNSP,UNSP,unkn,UNSP,UNSP,UNSP,
USGS,11313434,291,2008-08-20 09:14:00,PST,Yes,TMG/CAR,USGS,5.72,11800,Unspecified,,,,NONE,1,Imported Channel 1,UNSP,QADCP,VADCP,11800,621,,0.85,UNSP,UNSP,UNSP,unkn,UNSP,UNSP,UNSP,
USGS,11313434,292,2008-08-20 09:22:00,PST,Yes,TMG/CAR,USGS,5.67,11700,Unspecified,,,,NONE,1,Imported Channel 1,UNSP,QADCP,VADCP,11700,617,,0.87,UNSP,UNSP,UNSP,unkn,UNSP,UNSP,UNSP,
USGS,11313434,293,2008-08-20 09:33:00,PST,Yes,TMG/CAR,USGS,5.59,12400,Unspecified,,,,NONE,1,Imported Channel 1,UNSP,QADCP,VADCP,12400,617,,0.92,UNSP,UNSP,UNSP,unkn,UNSP,UNSP,UNSP,
USGS,11313434,294,2008-08-20 09:44:00,PST,Yes,TMG/CAR,USGS,5.50,12200,Unspecified,,,,NONE,1,Imported Channel 1,UNSP,QADCP,VADCP,12200,598,,0.93,UNSP,UNSP,UNSP,unkn,UNSP,UNSP,UNSP,
USGS,11313434,295,2008-08-20 09:52:00,PST,Yes,TMG/CAR,USGS,5.44,12300,Unspecified,,,,NONE,1,Imported Channel 1,UNSP,QADCP,VADCP,12300,619,,0.90,UNSP,UNSP,UNSP,unkn,UNSP,UNSP,UNSP,
USGS,11313434,296,2008-08-20 10:01:00,PST,Yes,TMG/CAR,USGS,5.38,12400,Unspecified,,,,NONE,1,Imported Channel 1,UNSP,QADCP,VADCP,12400,606,,0.96,UNSP,UNSP,UNSP,unkn,UNSP,UNSP,UNSP,
USGS,11313434,297,2009-01-14 10:24:00,PST,Yes,BJS/MAY,USGS,5.08,10700,Unspecified,,,,NONE,1,Channel 1,UNSP,QADCP,VADCP,10700,643,,0.78,UNSP,UNSP,UNSP,unkn,UNSP,UNSP,UNSP,
USGS,11313434,298,2009-01-14 10:31:00,PST,Yes,BJS/MAY,USGS,2.03,10700,Unspecified,,,,NONE,1,Channel 1,UNSP,QADCP,VADCP,10700,635,,0.79,UNSP,UNSP,UNSP,unkn,UNSP,UNSP,UNSP,
USGS,11313434,299,2009-01-14 10:37:00,PST,Yes,BJS/MAY,USGS,4.99,11300,Unspecified,,,,NONE,1,Channel 1,UNSP,QADCP,VADCP,11300,644,,0.83,UNSP,UNSP,UNSP,unkn,UNSP,UNSP,UNSP,
USGS,11313434,300,2009-01-14 10:44:00,PST,Yes,BJS/MAY,USGS,4.94,11300,Unspecified,,,,NONE,1,Channel 1,UNSP,QADCP,VADCP,11300,644,,0.83,UNSP,UNSP,UNSP,unkn,UNSP,UNSP,UNSP,
USGS,11313434,301,2009-01-14 10:51:00,PST,Yes,BJS/MAY,USGS,4.89,11600,Unspecified,,,,NONE,1,Channel 1,UNSP,QADCP,VADCP,11600,648,,0.86,UNSP,UNSP,UNSP,unkn,UNSP,UNSP,UNSP,
USGS,11313434,302,2009-01-14 10:59:00,PST,Yes,BJS/MAY,USGS,4.83,11500,Unspecified,,,,NONE,1,Channel 1,UNSP,QADCP,VADCP,11500,645,,0.86,UNSP,UNSP,UNSP,unkn,UNSP,UNSP,UNSP,
USGS,11313434,303,2009-06-24 05:58:00,PST,Yes,YES,USGS,,84.3,Unspecified,,,,NONE,1,Imported Channel 1,UNSP,QADCP,VADCP,84.3,718,15500,0.01,UNSP,UNSP,UNSP,unkn,UNSP,UNSP,UNSP,
USGS,11313434,304,2009-06-24 06:05:00,PST,Yes,YES,USGS,,2210,Unspecified,,,,NONE,1,Imported Channel 1,UNSP,QADCP,VADCP,2210,715,15500,0.16,UNSP,UNSP,UNSP,unkn,UNSP,UNSP,UNSP,
USGS,11313434,305,2009-06-24 06:10:00,PST,Yes,YES,USGS,,3850,Unspecified,,,,NONE,1,Imported Channel 1,UNSP,QADCP,VADCP,3850,714,15500,0.24,UNSP,UNSP,UNSP,unkn,UNSP,UNSP,UNSP,
USGS,11313434,306,2009-06-24 06:21:00,PST,Yes,YES,USGS,,6640,Unspecified,,,,NONE,1,Imported Channel 1,UNSP,QADCP,VADCP,6640,721,15700,0.47,UNSP,UNSP,UNSP,unkn,UNSP,UNSP,UNSP,
USGS,11313434,307,2009-06-24 06:26:00,PST,Yes,YES,USGS,,7720,Unspecified,,,,NONE,1,Imported Channel 1,UNSP,QADCP,VADCP,7720,716,15600,0.50,UNSP,UNSP,UNSP,unkn,UNSP,UNSP,UNSP,
USGS,11313434,308,2009-06-24 06:33:00,PST,Yes,YES,USGS,,9080,Unspecified,,,,NONE,1,Imported Channel 1,UNSP,QADCP,VADCP,9080,717,15500,0.62,UNSP,UNSP,UNSP,unkn,UNSP,UNSP,UNSP,
USGS,11313434,309,2009-06-24 06:38:00,PST,Yes,YES,USGS,,9830,Unspecified,,,,NONE,1,Imported Channel 1,UNSP,QADCP,VADCP,9830,727,15900,0.65,UNSP,UNSP,UNSP,unkn,UNSP,UNSP,UNSP,
USGS,11313434,310,2009-06-24 06:45:00,PST,Yes,YES,USGS,,10900,Unspecified,,,,NONE,1,Imported Channel 1,UNSP,QADCP,VADCP,10900,724,15800,0.73,UNSP,UNSP,UNSP,unkn,UNSP,UNSP,UNSP,
USGS,11313434,311,2009-06-24 06:50:00,PST,Yes,YES,USGS,,12300,Unspecified,,,,NONE,1,Imported Channel 1,UNSP,QADCP,VADCP,12300,714,15400,0.85,UNSP,UNSP,UNSP,unkn,UNSP,UNSP,UNSP,
USGS,11313434,312,2009-06-24 06:57:00,PST,Yes,YES,USGS,,12800,Unspecified,,,,NONE,1,Imported Channel 1,UNSP,QADCP,VADCP,12800,722,15600,0.86,UNSP,UNSP,UNSP,unkn,UNSP,UNSP,UNSP,
USGS,11313434,313,2009-06-24 07:03:00,PST,Yes,YES,USGS,,13400,Unspecified,,,,NONE,1,Imported Channel 1,UNSP,QADCP,VADCP,13400,722,15500,0.93,UNSP,UNSP,UNSP,unkn,UNSP,UNSP,UNSP,
USGS,11313434,314,2009-06-24 07:11:00,PST,Yes,YES,USGS,,13500,Unspecified,,,,NONE,1,Imported Channel 1,UNSP,QADCP,VADCP,13500,721,15500,0.95,UNSP,UNSP,UNSP,unkn,UNSP,UNSP,UNSP,
USGS,11313434,315,2009-06-24 07:16:00,PST,Yes,YES,USGS,,14400,Unspecified,,,,NONE,1,Imported Channel 1,UNSP,QADCP,VADCP,14400,723,15400,0.98,UNSP,UNSP,UNSP,unkn,UNSP,UNSP,UNSP,
USGS,11313434,316,2009-06-24 07:23:00,PST,Yes,YES,USGS,,14300,Unspecified,,,,NONE,1,Imported Channel 1,UNSP,QADCP,VADCP,14300,721,15400,1.01,UNSP,UNSP,UNSP,unkn,UNSP,UNSP,UNSP,
USGS,11313434,317,2009-06-24 07:28:00,PST,Yes,YES,USGS,,14800,Unspecified,,,,NONE,1,Imported Channel 1,UNSP,QADCP,VADCP,14800,721,15300,1.01,UNSP,UNSP,UNSP,unkn,UNSP,UNSP,UNSP,
USGS,11313434,318,2009-06-24 07:36:00,PST,Yes,YES,USGS,,14900,Unspecified,,,,NONE,1,Imported Channel 1,UNSP,QADCP,VADCP,14900,724,15400,1.05,UNSP,UNSP,UNSP,unkn,UNSP,UNSP,UNSP,
USGS,11313434,319,2009-06-24 07:42:00,PST,Yes,YES,USGS,,15100,Unspecified,,,,NONE,1,Imported Channel 1,UNSP,QADCP,VADCP,15100,722,15300,1.05,UNSP,UNSP,UNSP,unkn,UNSP,UNSP,UNSP,
USGS,11313434,320,2009-06-24 08:05:00,PST,Yes,YES,USGS,,15400,Unspecified,,,,NONE,1,Imported Channel 1,UNSP,QADCP,VADCP,15400,719,15300,1.10,UNSP,UNSP,UNSP,unkn,UNSP,UNSP,UNSP,
USGS,11313434,321,2009-06-24 08:11:00,PST,Yes,YES,USGS,,15300,Unspecified,,,,NONE,1,Imported Channel 1,UNSP,QADCP,VADCP,15300,723,15000,1.09,UNSP,UNSP,UNSP,unkn,UNSP,UNSP,UNSP,
USGS,11313434,322,2009-06-24 08:19:00,PST,Yes,YES,USGS,,15300,Unspecified,,,,NONE,1,Imported Channel 1,UNSP,QADCP,VADCP,15300,722,15300,1.10,UNSP,UNSP,UNSP,unkn,UNSP,UNSP,UNSP,
USGS,11313434,323,2009-06-24 08:24:00,PST,Yes,YES,USGS,,15300,Unspecified,,,,NONE,1,Imported Channel 1,UNSP,QADCP,VADCP,15300,724,15000,1.06,UNSP,UNSP,UNSP,unkn,UNSP,UNSP,UNSP,
USGS,11313434,324,2009-06-24 08:55:00,PST,Yes,YES,USGS,,15500,Unspecified,,,,NONE,1,Imported Channel 1,UNSP,QADCP,VADCP,15500,720,15000,1.11,UNSP,UNSP,UNSP,unkn,UNSP,UNSP,UNSP,
USGS,11313434,325,2009-06-24 09:00:00,PST,Yes,YES,USGS,,15600,Unspecified,,,,NONE,1,Imported Channel 1,UNSP,QADCP,VADCP,15600,720,14600,1.19,UNSP,UNSP,UNSP,unkn,UNSP,UNSP,UNSP,
USGS,11313434,326,2009-06-24 09:43:00,PST,Yes,YES,USGS,,15500,Unspecified,,,,NONE,1,Imported Channel 1,UNSP,QADCP,VADCP,15500,723,14800,1.10,UNSP,UNSP,UNSP,unkn,UNSP,UNSP,UNSP,
USGS,11313434,327,2009-06-24 09:48:00,PST,Yes,YES,USGS,,15700,Unspecified,,,,NONE,1,Imported Channel 1,UNSP,QADCP,VADCP,15700,725,14400,1.17,UNSP,UNSP,UNSP,unkn,UNSP,UNSP,UNSP,
USGS,11313434,328,2009-06-24 10:21:00,PST,Yes,YES,USGS,,15200,Unspecified,,,,NONE,1,Imported Channel 1,UNSP,QADCP,VADCP,15200,723,14600,1.14,UNSP,UNSP,UNSP,unkn,UNSP,UNSP,UNSP,
USGS,11313434,329,2009-06-24 10:26:00,PST,Yes,YES,USGS,,15500,Unspecified,,,,NONE,1,Imported Channel 1,UNSP,QADCP,VADCP,15500,720,14100,1.13,UNSP,UNSP,UNSP,unkn,UNSP,UNSP,UNSP,
USGS,11313434,330,2009-06-24 10:53:00,PST,Yes,YES,USGS,,15200,Unspecified,,,,NONE,1,Imported Channel 1,UNSP,QADCP,VADCP,15200,714,14300,1.14,UNSP,UNSP,UNSP,unkn,UNSP,UNSP,UNSP,
USGS,11313434,331,2009-06-24 10:58:00,PST,Yes,YES,USGS,,15200,Unspecified,,,,NONE,1,Imported Channel 1,UNSP,QADCP,VADCP,15200,717,13900,1.21,UNSP,UNSP,UNSP,unkn,UNSP,UNSP,UNSP,
USGS,11313434,332,2009-06-24 11:34:00,PST,Yes,YES,USGS,,14400,Unspecified,,,,NONE,1,Imported Channel 1,UNSP,QADCP,VADCP,14400,708,14000,1.11,UNSP,UNSP,UNSP,unkn,UNSP,UNSP,UNSP,
USGS,11313434,333,2009-06-24 11:40:00,PST,Yes,YES,USGS,,14800,Unspecified,,,,NONE,1,Imported Channel 1,UNSP,QADCP,VADCP,14800,715,13600,1.19,UNSP,UNSP,UNSP,unkn,UNSP,UNSP,UNSP,
USGS,11313434,334,2009-06-24 11:49:00,PST,Yes,YES,USGS,,14100,Unspecified,,,,NONE,1,Imported Channel 1,UNSP,QADCP,VADCP,14100,721,14000,1.11,UNSP,UNSP,UNSP,unkn,UNSP,UNSP,UNSP,
USGS,11313434,335,2009-06-24 11:54:00,PST,Yes,YES,USGS,,14300,Unspecified,,,,NONE,1,Imported Channel 1,UNSP,QADCP,VADCP,14300,715,13600,1.12,UNSP,UNSP,UNSP,unkn,UNSP,UNSP,UNSP,
USGS,11313434,336,2009-06-24 12:02:00,PST,Yes,YES,USGS,,14000,Unspecified,,,,NONE,1,Imported Channel 1,UNSP,QADCP,VADCP,14000,716,14000,1.07,UNSP,UNSP,UNSP,unkn,UNSP,UNSP,UNSP,
USGS,11313434,337,2009-06-24 12:07:00,PST,Yes,YES,USGS,,13700,Unspecified,,,,NONE,1,Imported Channel 1,UNSP,QADCP,VADCP,13700,718,13500,1.10,UNSP,UNSP,UNSP,unkn,UNSP,UNSP,UNSP,
USGS,11313434,338,2009-06-24 12:16:00,PST,Yes,YES,USGS,,13800,Unspecified,,,,NONE,1,Imported Channel 1,UNSP,QADCP,VADCP,13800,722,13900,1.09,UNSP,UNSP,UNSP,unkn,UNSP,UNSP,UNSP,
USGS,11313434,339,2009-06-24 12:20:00,PST,Yes,YES,USGS,,13600,Unspecified,,,,NONE,1,Imported Channel 1,UNSP,QADCP,VADCP,13600,718,13500,1.07,UNSP,UNSP,UNSP,unkn,UNSP,UNSP,UNSP,
USGS,11313434,340,2009-06-24 12:27:00,PST,Yes,YES,USGS,,13200,Unspecified,,,,NONE,1,Imported Channel 1,UNSP,QADCP,VADCP,13200,717,13800,1.08,UNSP,UNSP,UNSP,unkn,UNSP,UNSP,UNSP,
USGS,11313434,341,2009-06-24 12:32:00,PST,Yes,YES,USGS,,13300,Unspecified,,,,NONE,1,Imported Channel 1,UNSP,QADCP,VADCP,13300,718,13300,1.02,UNSP,UNSP,UNSP,unkn,UNSP,UNSP,UNSP,
USGS,11313434,342,2009-06-24 12:39:00,PST,Yes,YES,USGS,,13200,Unspecified,,,,NONE,1,Imported Channel 1,UNSP,QADCP,VADCP,13200,726,13800,1.04,UNSP,UNSP,UNSP,unkn,UNSP,UNSP,UNSP,
USGS,11313434,343,2009-06-24 12:43:00,PST,Yes,YES,USGS,,13100,Unspecified,,,,NONE,1,Imported Channel 1,UNSP,QADCP,VADCP,13100,722,13400,1.02,UNSP,UNSP,UNSP,unkn,UNSP,UNSP,UNSP,
USGS,11313434,344,2009-06-24 12:52:00,PST,Yes,YES,USGS,,12800,Unspecified,,,,NONE,1,Imported Channel 1,UNSP,QADCP,VADCP,12800,719,13700,0.99,UNSP,UNSP,UNSP,unkn,UNSP,UNSP,UNSP,
USGS,11313434,345,2009-06-24 12:57:00,PST,Yes,YES,USGS,,12200,Unspecified,,,,NONE,1,Imported Channel 1,UNSP,QADCP,VADCP,12200,716,13300,0.94,UNSP,UNSP,UNSP,unkn,UNSP,UNSP,UNSP,
USGS,11313434,346,2009-06-24 13:03:00,PST,Yes,YES,USGS,,12000,Unspecified,,,,NONE,1,Imported Channel 1,UNSP,QADCP,VADCP,12000,720,13600,1.00,UNSP,UNSP,UNSP,unkn,UNSP,UNSP,UNSP,
USGS,11313434,347,2009-06-24 13:08:00,PST,Yes,YES,USGS,,11300,Unspecified,,,,NONE,1,Imported Channel 1,UNSP,QADCP,VADCP,11300,717,13400,0.89,UNSP,UNSP,UNSP,unkn,UNSP,UNSP,UNSP,
USGS,11313434,348,2009-06-24 13:14:00,PST,Yes,YES,USGS,,11100,Unspecified,,,,NONE,1,Imported Channel 1,UNSP,QADCP,VADCP,11100,724,13600,0.92,UNSP,UNSP,UNSP,unkn,UNSP,UNSP,UNSP,
USGS,11313434,349,2009-06-24 13:18:00,PST,Yes,YES,USGS,,11000,Unspecified,,,,NONE,1,Imported Channel 1,UNSP,QADCP,VADCP,11000,719,13300,0.86,UNSP,UNSP,UNSP,unkn,UNSP,UNSP,UNSP,
USGS,11313434,350,2009-06-24 13:24:00,PST,Yes,YES,USGS,,10600,Unspecified,,,,NONE,1,Imported Channel 1,UNSP,QADCP,VADCP,10600,717,13600,0.90,UNSP,UNSP,UNSP,unkn,UNSP,UNSP,UNSP,
USGS,11313434,351,2009-06-24 13:29:00,PST,Yes,YES,USGS,,10300,Unspecified,,,,NONE,1,Imported Channel 1,UNSP,QADCP,VADCP,10300,722,13100,0.74,UNSP,UNSP,UNSP,unkn,UNSP,UNSP,UNSP,
USGS,11313434,352,2009-06-24 13:39:00,PST,Yes,YES,USGS,,9250,Unspecified,,,,NONE,1,Imported Channel 1,UNSP,QADCP,VADCP,9250,720,13500,0.76,UNSP,UNSP,UNSP,unkn,UNSP,UNSP,UNSP,
USGS,11313434,353,2009-06-24 13:43:00,PST,Yes,YES,USGS,,8430,Unspecified,,,,NONE,1,Imported Channel 1,UNSP,QADCP,VADCP,8430,718,13100,0.58,UNSP,UNSP,UNSP,unkn,UNSP,UNSP,UNSP,
USGS,11313434,354,2009-06-24 13:52:00,PST,Yes,YES,USGS,,7430,Unspecified,,,,NONE,1,Imported Channel 1,UNSP,QADCP,VADCP,7430,695,13100,0.57,UNSP,UNSP,UNSP,unkn,UNSP,UNSP,UNSP,
USGS,11313434,355,2009-06-24 13:58:00,PST,Yes,YES,USGS,,6460,Unspecified,,,,NONE,1,Imported Channel 1,UNSP,QADCP,VADCP,6460,725,13100,0.48,UNSP,UNSP,UNSP,unkn,UNSP,UNSP,UNSP,
USGS,11313434,356,2009-06-24 14:04:00,PST,Yes,YES,USGS,,5430,Unspecified,,,,NONE,1,Imported Channel 1,UNSP,QADCP,VADCP,5430,714,13400,0.46,UNSP,UNSP,UNSP,unkn,UNSP,UNSP,UNSP,
USGS,11313434,357,2009-06-24 14:09:00,PST,Yes,YES,USGS,,4100,Unspecified,,,,NONE,1,Imported Channel 1,UNSP,QADCP,VADCP,4100,715,13200,0.33,UNSP,UNSP,UNSP,unkn,UNSP,UNSP,UNSP,
USGS,11313434,358,2009-06-24 14:15:00,PST,Yes,YES,USGS,,3080,Unspecified,,,,NONE,1,Imported Channel 1,UNSP,QADCP,VADCP,3080,710,13600,0.26,UNSP,UNSP,UNSP,unkn,UNSP,UNSP,UNSP,
USGS,11313434,359,2009-06-24 14:21:00,PST,Yes,YES,USGS,,708,Unspecified,,,,NONE,1,Imported Channel 1,UNSP,QADCP,VADCP,708,721,13400,0.09,UNSP,UNSP,UNSP,unkn,UNSP,UNSP,UNSP,
USGS,11313434,360,2009-06-24 14:29:00,PST,Yes,YES,USGS,,-508,Unspecified,,,,NONE,1,Imported Channel 1,UNSP,QADCP,VADCP,-508,709,13500,-0.05,UNSP,UNSP,UNSP,unkn,UNSP,UNSP,UNSP,
USGS,11313434,361,2009-06-24 14:32:00,PST,Yes,YES,USGS,,-2620,Unspecified,,,,NONE,1,Imported Channel 1,UNSP,QADCP,VADCP,-2620,716,13300,-0.22,UNSP,UNSP,UNSP,unkn,UNSP,UNSP,UNSP,
USGS,11313434,362,2009-06-24 14:39:00,PST,Yes,YES,USGS,,-4010,Unspecified,,,,NONE,1,Imported Channel 1,UNSP,QADCP,VADCP,-4010,715,13300,-0.33,UNSP,UNSP,UNSP,unkn,UNSP,UNSP,UNSP,
USGS,11313434,363,2009-06-24 14:44:00,PST,Yes,YES,USGS,,-5940,Unspecified,,,,NONE,1,Imported Channel 1,UNSP,QADCP,VADCP,-5940,714,13600,-0.51,UNSP,UNSP,UNSP,unkn,UNSP,UNSP,UNSP,
USGS,11313434,364,2009-06-24 14:51:00,PST,Yes,YES,USGS,,-7260,Unspecified,,,,NONE,1,Imported Channel 1,UNSP,QADCP,VADCP,-7260,719,13500,-0.56,UNSP,UNSP,UNSP,unkn,UNSP,UNSP,UNSP,
USGS,11313434,365,2009-06-24 14:56:00,PST,Yes,YES,USGS,,-9010,Unspecified,,,,NONE,1,Imported Channel 1,UNSP,QADCP,VADCP,-9010,727,13800,-0.77,UNSP,UNSP,UNSP,unkn,UNSP,UNSP,UNSP,
USGS,11313434,366,2009-06-24 15:03:00,PST,Yes,YES,USGS,,-9860,Unspecified,,,,NONE,1,Imported Channel 1,UNSP,QADCP,VADCP,-9860,726,13800,-0.78,UNSP,UNSP,UNSP,unkn,UNSP,UNSP,UNSP,
USGS,11313434,367,2009-06-24 15:07:00,PST,Yes,YES,USGS,,-11100,Unspecified,,,,NONE,1,Imported Channel 1,UNSP,QADCP,VADCP,-11100,723,14100,-0.88,UNSP,UNSP,UNSP,unkn,UNSP,UNSP,UNSP,
USGS,11313434,368,2009-06-24 15:12:00,PST,Yes,YES,USGS,,-11900,Unspecified,,,,NONE,1,Imported Channel 1,UNSP,QADCP,VADCP,-11900,720,13600,-0.94,UNSP,UNSP,UNSP,unkn,UNSP,UNSP,UNSP,
USGS,11313434,369,2009-06-24 15:16:00,PST,Yes,YES,USGS,,-12700,Unspecified,,,,NONE,1,Imported Channel 1,UNSP,QADCP,VADCP,-12700,721,13900,-1.00,UNSP,UNSP,UNSP,unkn,UNSP,UNSP,UNSP,
USGS,11313434,370,2009-06-24 15:20:00,PST,Yes,YES,USGS,,-12900,Unspecified,,,,NONE,1,Imported Channel 1,UNSP,QADCP,VADCP,-12900,720,13700,-1.04,UNSP,UNSP,UNSP,unkn,UNSP,UNSP,UNSP,
USGS,11313434,371,2009-06-24 15:25:00,PST,Yes,YES,USGS,,-13600,Unspecified,,,,NONE,1,Imported Channel 1,UNSP,QADCP,VADCP,-13600,728,14000,-1.07,UNSP,UNSP,UNSP,unkn,UNSP,UNSP,UNSP,
USGS,11313434,372,2009-06-24 15:34:00,PST,Yes,YES,USGS,,-14200,Unspecified,,,,NONE,1,Imported Channel 1,UNSP,QADCP,VADCP,-14200,722,13700,-1.18,UNSP,UNSP,UNSP,unkn,UNSP,UNSP,UNSP,
USGS,11313434,373,2009-06-24 15:39:00,PST,Yes,YES,USGS,,-14900,Unspecified,,,,NONE,1,Imported Channel 1,UNSP,QADCP,VADCP,-14900,720,14000,-1.20,UNSP,UNSP,UNSP,unkn,UNSP,UNSP,UNSP,
USGS,11313434,374,2009-06-24 15:44:00,PST,Yes,YES,USGS,,-14900,Unspecified,,,,NONE,1,Imported Channel 1,UNSP,QADCP,VADCP,-14900,723,13900,-1.18,UNSP,UNSP,UNSP,unkn,UNSP,UNSP,UNSP,
USGS,11313434,375,2009-06-24 15:49:00,PST,Yes,YES,USGS,,-15300,Unspecified,,,,NONE,1,Imported Channel 1,UNSP,QADCP,VADCP,-15300,724,14100,-1.22,UNSP,UNSP,UNSP,unkn,UNSP,UNSP,UNSP,
USGS,11313434,376,2009-06-24 15:55:00,PST,Yes,YES,USGS,,-15400,Unspecified,,,,NONE,1,Imported Channel 1,UNSP,QADCP,VADCP,-15400,725,14000,-1.23,UNSP,UNSP,UNSP,unkn,UNSP,UNSP,UNSP,
USGS,11313434,377,2009-06-24 16:01:00,PST,Yes,YES,USGS,,-15400,Unspecified,,,,NONE,1,Imported Channel 1,UNSP,QADCP,VADCP,-15400,719,14100,-1.27,UNSP,UNSP,UNSP,unkn,UNSP,UNSP,UNSP,
USGS,11313434,378,2009-06-24 16:07:00,PST,Yes,YES,USGS,,-15600,Unspecified,,,,NONE,1,Imported Channel 1,UNSP,QADCP,VADCP,-15600,721,14100,-1.16,UNSP,UNSP,UNSP,unkn,UNSP,UNSP,UNSP,
USGS,11313434,379,2010-01-27 12:45:00,PST,Yes,YES,USGS,,-16000,Unspecified,,,,NONE,1,Imported Channel 1,UNSP,QADCP,VADCP,-16000,701,15900,-1.01,UNSP,UNSP,UNSP,unkn,UNSP,UNSP,UNSP,
USGS,11313434,380,2010-01-27 12:51:00,PST,Yes,YES,USGS,,-15600,Unspecified,,,,NONE,1,Imported Channel 1,UNSP,QADCP,VADCP,-15600,700,15900,-0.80,UNSP,UNSP,UNSP,unkn,UNSP,UNSP,UNSP,
USGS,11313434,381,2010-01-27 12:56:00,PST,Yes,YES,USGS,,-15900,Unspecified,,,,NONE,1,Imported Channel 1,UNSP,QADCP,VADCP,-15900,701,15900,-1.05,UNSP,UNSP,UNSP,unkn,UNSP,UNSP,UNSP,
USGS,11313434,382,2010-01-27 13:03:00,PST,Yes,YES,USGS,,-15700,Unspecified,,,,NONE,1,Imported Channel 1,UNSP,QADCP,VADCP,-15700,684,15800,-0.99,UNSP,UNSP,UNSP,unkn,UNSP,UNSP,UNSP,
USGS,11313434,383,2010-01-27 13:07:00,PST,Yes,YES,USGS,,-15200,Unspecified,,,,NONE,1,Imported Channel 1,UNSP,QADCP,VADCP,-15200,711,16000,-1.03,UNSP,UNSP,UNSP,unkn,UNSP,UNSP,UNSP,
USGS,11313434,384,2010-01-27 13:12:00,PST,Yes,YES,USGS,,-15600,Unspecified,,,,NONE,1,Imported Channel 1,UNSP,QADCP,VADCP,-15600,716,16200,-0.98,UNSP,UNSP,UNSP,unkn,UNSP,UNSP,UNSP,
USGS,11313434,385,2010-07-13 06:09:00,PST,Yes,YES,USGS,,695,Unspecified,,,,NONE,1,Imported Channel 1,UNSP,QADCP,VADCP,695,704,15100,0.09,UNSP,UNSP,UNSP,unkn,UNSP,UNSP,UNSP,
USGS,11313434,386,2010-07-13 06:33:00,PST,Yes,YES,USGS,,5780,Unspecified,,,,NONE,1,Imported Channel 1,UNSP,QADCP,VADCP,5780,728,15200,0.40,UNSP,UNSP,UNSP,unkn,UNSP,UNSP,UNSP,
USGS,11313434,387,2010-07-13 06:44:00,PST,Yes,YES,USGS,,7830,Unspecified,,,,NONE,1,Imported Channel 1,UNSP,QADCP,VADCP,7830,705,15000,0.54,UNSP,UNSP,UNSP,unkn,UNSP,UNSP,UNSP,
USGS,11313434,388,2010-07-13 06:57:00,PST,Yes,YES,USGS,,9730,Unspecified,,,,NONE,1,Imported Channel 1,UNSP,QADCP,VADCP,9730,692,15000,0.68,UNSP,UNSP,UNSP,unkn,UNSP,UNSP,UNSP,
USGS,11313434,389,2010-07-13 07:04:00,PST,Yes,YES,USGS,,10900,Unspecified,,,,NONE,1,Imported Channel 1,UNSP,QADCP,VADCP,10900,701,14800,0.75,UNSP,UNSP,UNSP,unkn,UNSP,UNSP,UNSP,
USGS,11313434,390,2010-07-13 07:15:00,PST,Yes,YES,USGS,,11500,Unspecified,,,,NONE,1,Imported Channel 1,UNSP,QADCP,VADCP,11500,717,15200,0.81,UNSP,UNSP,UNSP,unkn,UNSP,UNSP,UNSP,
USGS,11313434,391,2010-07-13 07:22:00,PST,Yes,YES,USGS,,12400,Unspecified,,,,NONE,1,Imported Channel 1,UNSP,QADCP,VADCP,12400,711,14800,0.87,UNSP,UNSP,UNSP,unkn,UNSP,UNSP,UNSP,
USGS,11313434,392,2010-07-13 07:36:00,PST,Yes,YES,USGS,,12700,Unspecified,,,,NONE,1,Imported Channel 1,UNSP,QADCP,VADCP,12700,707,14800,0.91,UNSP,UNSP,UNSP,unkn,UNSP,UNSP,UNSP,
USGS,11313434,393,2010-07-13 07:42:00,PST,Yes,YES,USGS,,13200,Unspecified,,,,NONE,1,Imported Channel 1,UNSP,QADCP,VADCP,13200,710,14700,0.95,UNSP,UNSP,UNSP,unkn,UNSP,UNSP,UNSP,
USGS,11313434,394,2010-07-13 07:52:00,PST,Yes,YES,USGS,,13300,Unspecified,,,,NONE,1,Imported Channel 1,UNSP,QADCP,VADCP,13300,704,14600,0.95,UNSP,UNSP,UNSP,unkn,UNSP,UNSP,UNSP,
USGS,11313434,395,2010-07-13 07:58:00,PST,Yes,YES,USGS,,13600,Unspecified,,,,NONE,1,Imported Channel 1,UNSP,QADCP,VADCP,13600,699,14400,0.97,UNSP,UNSP,UNSP,unkn,UNSP,UNSP,UNSP,
USGS,11313434,396,2010-07-13 08:08:00,PST,Yes,YES,USGS,,13600,Unspecified,,,,NONE,1,Imported Channel 1,UNSP,QADCP,VADCP,13600,702,14500,0.98,UNSP,UNSP,UNSP,unkn,UNSP,UNSP,UNSP,
USGS,11313434,397,2010-07-13 08:14:00,PST,Yes,YES,USGS,,13900,Unspecified,,,,NONE,1,Imported Channel 1,UNSP,QADCP,VADCP,13900,703,14300,0.96,UNSP,UNSP,UNSP,unkn,UNSP,UNSP,UNSP,
USGS,11313434,398,2010-07-13 08:43:00,PST,Yes,YES,USGS,,13900,Unspecified,,,,NONE,1,Imported Channel 1,UNSP,QADCP,VADCP,13900,703,14500,1.00,UNSP,UNSP,UNSP,unkn,UNSP,UNSP,UNSP,
USGS,11313434,399,2010-07-13 08:50:00,PST,Yes,YES,USGS,,14000,Unspecified,,,,NONE,1,Imported Channel 1,UNSP,QADCP,VADCP,14000,697,13900,0.95,UNSP,UNSP,UNSP,unkn,UNSP,UNSP,UNSP,
USGS,11313434,400,2010-07-13 09:12:00,PST,Yes,YES,USGS,,13500,Unspecified,,,,NONE,1,Imported Channel 1,UNSP,QADCP,VADCP,13500,708,14300,1.02,UNSP,UNSP,UNSP,unkn,UNSP,UNSP,UNSP,
USGS,11313434,401,2010-07-13 09:17:00,PST,Yes,YES,USGS,,13400,Unspecified,,,,NONE,1,Imported Channel 1,UNSP,QADCP,VADCP,13400,717,14000,1.03,UNSP,UNSP,UNSP,unkn,UNSP,UNSP,UNSP,
USGS,11313434,402,2010-07-13 09:48:00,PST,Yes,YES,USGS,,12700,Unspecified,,,,NONE,1,Imported Channel 1,UNSP,QADCP,VADCP,12700,706,14000,0.98,UNSP,UNSP,UNSP,unkn,UNSP,UNSP,UNSP,
USGS,11313434,403,2010-07-13 09:54:00,PST,Yes,YES,USGS,,12700,Unspecified,,,,NONE,1,Imported Channel 1,UNSP,QADCP,VADCP,12700,731,13900,0.95,UNSP,UNSP,UNSP,unkn,UNSP,UNSP,UNSP,
USGS,11313434,404,2010-07-13 10:04:00,PST,Yes,YES,USGS,,12800,Unspecified,,,,NONE,1,Imported Channel 1,UNSP,QADCP,VADCP,12800,736,14100,0.99,UNSP,UNSP,UNSP,unkn,UNSP,UNSP,UNSP,
USGS,11313434,405,2010-07-13 10:12:00,PST,Yes,YES,USGS,,12400,Unspecified,,,,NONE,1,Imported Channel 1,UNSP,QADCP,VADCP,12400,696,13600,0.90,UNSP,UNSP,UNSP,unkn,UNSP,UNSP,UNSP,
USGS,11313434,406,2010-07-13 10:22:00,PST,Yes,YES,USGS,,12200,Unspecified,,,,NONE,1,Imported Channel 1,UNSP,QADCP,VADCP,12200,723,13900,0.94,UNSP,UNSP,UNSP,unkn,UNSP,UNSP,UNSP,
USGS,11313434,407,2010-07-13 10:28:00,PST,Yes,YES,USGS,,12100,Unspecified,,,,NONE,1,Imported Channel 1,UNSP,QADCP,VADCP,12100,714,13600,0.93,UNSP,UNSP,UNSP,unkn,UNSP,UNSP,UNSP,
USGS,11313434,408,2010-07-13 11:19:00,PST,Yes,YES,USGS,,11400,Unspecified,,,,NONE,1,Imported Channel 1,UNSP,QADCP,VADCP,11400,703,13300,0.88,UNSP,UNSP,UNSP,unkn,UNSP,UNSP,UNSP,
USGS,11313434,409,2010-07-13 11:24:00,PST,Yes,YES,USGS,,11400,Unspecified,,,,NONE,1,Imported Channel 1,UNSP,QADCP,VADCP,11400,710,13200,0.85,UNSP,UNSP,UNSP,unkn,UNSP,UNSP,UNSP,
USGS,11313434,410,2010-07-13 11:32:00,PST,Yes,YES,USGS,,11100,Unspecified,,,,NONE,1,Imported Channel 1,UNSP,QADCP,VADCP,11100,715,13400,0.88,UNSP,UNSP,UNSP,unkn,UNSP,UNSP,UNSP,
USGS,11313434,411,2010-07-13 11:38:00,PST,Yes,YES,USGS,,10800,Unspecified,,,,NONE,1,Imported Channel 1,UNSP,QADCP,VADCP,10800,705,13200,0.75,UNSP,UNSP,UNSP,unkn,UNSP,UNSP,UNSP,
USGS,11313434,412,2010-07-13 11:47:00,PST,Yes,YES,USGS,,10700,Unspecified,,,,NONE,1,Imported Channel 1,UNSP,QADCP,VADCP,10700,694,13200,0.85,UNSP,UNSP,UNSP,unkn,UNSP,UNSP,UNSP,
USGS,11313434,413,2010-07-13 11:52:00,PST,Yes,YES,USGS,,10600,Unspecified,,,,NONE,1,Imported Channel 1,UNSP,QADCP,VADCP,10600,702,13000,0.74,UNSP,UNSP,UNSP,unkn,UNSP,UNSP,UNSP,
USGS,11313434,414,2010-07-13 12:01:00,PST,Yes,YES,USGS,,10600,Unspecified,,,,NONE,1,Imported Channel 1,UNSP,QADCP,VADCP,10600,701,13300,0.81,UNSP,UNSP,UNSP,unkn,UNSP,UNSP,UNSP,
USGS,11313434,415,2010-07-13 12:06:00,PST,Yes,YES,USGS,,10400,Unspecified,,,,NONE,1,Imported Channel 1,UNSP,QADCP,VADCP,10400,707,13200,0.85,UNSP,UNSP,UNSP,unkn,UNSP,UNSP,UNSP,
USGS,11313434,416,2010-07-13 12:17:00,PST,Yes,YES,USGS,,9960,Unspecified,,,,NONE,1,Imported Channel 1,UNSP,QADCP,VADCP,9960,701,13000,0.76,UNSP,UNSP,UNSP,unkn,UNSP,UNSP,UNSP,
USGS,11313434,417,2010-07-13 12:23:00,PST,Yes,YES,USGS,,9950,Unspecified,,,,NONE,1,Imported Channel 1,UNSP,QADCP,VADCP,9950,702,13000,0.80,UNSP,UNSP,UNSP,unkn,UNSP,UNSP,UNSP,
USGS,11313434,418,2010-07-13 12:31:00,PST,Yes,YES,USGS,,9890,Unspecified,,,,NONE,1,Imported Channel 1,UNSP,QADCP,VADCP,9890,704,13100,0.76,UNSP,UNSP,UNSP,unkn,UNSP,UNSP,UNSP,
USGS,11313434,419,2010-07-13 12:36:00,PST,Yes,YES,USGS,,9520,Unspecified,,,,NONE,1,Imported Channel 1,UNSP,QADCP,VADCP,9520,704,12800,0.77,UNSP,UNSP,UNSP,unkn,UNSP,UNSP,UNSP,
USGS,11313434,420,2010-07-13 12:43:00,PST,Yes,YES,USGS,,9350,Unspecified,,,,NONE,1,Imported Channel 1,UNSP,QADCP,VADCP,9350,678,12700,0.78,UNSP,UNSP,UNSP,unkn,UNSP,UNSP,UNSP,
USGS,11313434,421,2010-07-13 12:48:00,PST,Yes,YES,USGS,,9210,Unspecified,,,,NONE,1,Imported Channel 1,UNSP,QADCP,VADCP,9210,702,12900,0.74,UNSP,UNSP,UNSP,unkn,UNSP,UNSP,UNSP,
USGS,11313434,422,2010-07-13 13:13:00,PST,Yes,YES,USGS,,7840,Unspecified,,,,NONE,1,Imported Channel 1,UNSP,QADCP,VADCP,7840,699,12800,0.64,UNSP,UNSP,UNSP,unkn,UNSP,UNSP,UNSP,
USGS,11313434,423,2010-07-13 13:18:00,PST,Yes,YES,USGS,,7750,Unspecified,,,,NONE,1,Imported Channel 1,UNSP,QADCP,VADCP,7750,701,12800,0.63,UNSP,UNSP,UNSP,unkn,UNSP,UNSP,UNSP,
USGS,11313434,424,2010-07-13 13:26:00,PST,Yes,YES,USGS,,7270,Unspecified,,,,NONE,1,Imported Channel 1,UNSP,QADCP,VADCP,7270,699,12800,0.61,UNSP,UNSP,UNSP,unkn,UNSP,UNSP,UNSP,
USGS,11313434,425,2010-07-13 13:31:00,PST,Yes,YES,USGS,,6670,Unspecified,,,,NONE,1,Imported Channel 1,UNSP,QADCP,VADCP,6670,702,12700,0.56,UNSP,UNSP,UNSP,unkn,UNSP,UNSP,UNSP,
USGS,11313434,426,2010-07-13 13:39:00,PST,Yes,YES,USGS,,5910,Unspecified,,,,NONE,1,Imported Channel 1,UNSP,QADCP,VADCP,5910,701,12800,0.49,UNSP,UNSP,UNSP,unkn,UNSP,UNSP,UNSP,
USGS,11313434,427,2010-07-13 13:44:00,PST,Yes,YES,USGS,,4910,Unspecified,,,,NONE,1,Imported Channel 1,UNSP,QADCP,VADCP,4910,700,12700,0.41,UNSP,UNSP,UNSP,unkn,UNSP,UNSP,UNSP,
USGS,11313434,428,2010-07-13 13:53:00,PST,Yes,YES,USGS,,4050,Unspecified,,,,NONE,1,Imported Channel 1,UNSP,QADCP,VADCP,4050,697,12800,0.32,UNSP,UNSP,UNSP,unkn,UNSP,UNSP,UNSP,
USGS,11313434,429,2010-07-13 13:58:00,PST,Yes,YES,USGS,,2620,Unspecified,,,,NONE,1,Imported Channel 1,UNSP,QADCP,VADCP,2620,704,12800,0.20,UNSP,UNSP,UNSP,unkn,UNSP,UNSP,UNSP,
USGS,11313434,430,2010-07-13 14:05:00,PST,Yes,YES,USGS,,1550,Unspecified,,,,NONE,1,Imported Channel 1,UNSP,QADCP,VADCP,1550,703,12800,0.12,UNSP,UNSP,UNSP,unkn,UNSP,UNSP,UNSP,
USGS,11313434,431,2010-07-13 14:10:00,PST,Yes,YES,USGS,,-109,Unspecified,,,,NONE,1,Imported Channel 1,UNSP,QADCP,VADCP,-109,707,12900,-0.03,UNSP,UNSP,UNSP,unkn,UNSP,UNSP,UNSP,
USGS,11313434,432,2010-07-13 14:17:00,PST,Yes,YES,USGS,,-1200,Unspecified,,,,NONE,1,Imported Channel 1,UNSP,QADCP,VADCP,-1200,705,13000,-0.10,UNSP,UNSP,UNSP,unkn,UNSP,UNSP,UNSP,
USGS,11313434,433,2010-07-13 14:22:00,PST,Yes,YES,USGS,,-2740,Unspecified,,,,NONE,1,Imported Channel 1,UNSP,QADCP,VADCP,-2740,699,13000,-0.24,UNSP,UNSP,UNSP,unkn,UNSP,UNSP,UNSP,
USGS,11313434,434,2010-07-13 14:28:00,PST,Yes,YES,USGS,,-4150,Unspecified,,,,NONE,1,Imported Channel 1,UNSP,QADCP,VADCP,-4150,703,12900,-0.34,UNSP,UNSP,UNSP,unkn,UNSP,UNSP,UNSP,
USGS,11313434,435,2010-07-13 14:33:00,PST,Yes,YES,USGS,,-5720,Unspecified,,,,NONE,1,Imported Channel 1,UNSP,QADCP,VADCP,-5720,704,12900,-0.49,UNSP,UNSP,UNSP,unkn,UNSP,UNSP,UNSP,
USGS,11313434,436,2010-07-13 14:39:00,PST,Yes,YES,USGS,,-7130,Unspecified,,,,NONE,1,Imported Channel 1,UNSP,QADCP,VADCP,-7130,703,12900,-0.57,UNSP,UNSP,UNSP,unkn,UNSP,UNSP,UNSP,
USGS,11313434,437,2010-07-13 14:44:00,PST,Yes,YES,USGS,,-8760,Unspecified,,,,NONE,1,Imported Channel 1,UNSP,QADCP,VADCP,-8760,707,13100,-0.69,UNSP,UNSP,UNSP,unkn,UNSP,UNSP,UNSP,
USGS,11313434,438,2010-07-13 14:51:00,PST,Yes,YES,USGS,,-9620,Unspecified,,,,NONE,1,Imported Channel 1,UNSP,QADCP,VADCP,-9620,703,13000,-0.77,UNSP,UNSP,UNSP,unkn,UNSP,UNSP,UNSP,
USGS,11313434,439,2010-07-13 14:56:00,PST,Yes,YES,USGS,,-11000,Unspecified,,,,NONE,1,Imported Channel 1,UNSP,QADCP,VADCP,-11000,701,13100,-0.87,UNSP,UNSP,UNSP,unkn,UNSP,UNSP,UNSP,
USGS,11313434,440,2010-07-13 15:02:00,PST,Yes,YES,USGS,,-11400,Unspecified,,,,NONE,1,Imported Channel 1,UNSP,QADCP,VADCP,-11400,703,13000,-0.91,UNSP,UNSP,UNSP,unkn,UNSP,UNSP,UNSP,
USGS,11313434,441,2010-07-13 15:07:00,PST,Yes,YES,USGS,,-12500,Unspecified,,,,NONE,1,Imported Channel 1,UNSP,QADCP,VADCP,-12500,701,13200,-1.00,UNSP,UNSP,UNSP,unkn,UNSP,UNSP,UNSP,
USGS,11313434,442,2010-07-13 15:14:00,PST,Yes,YES,USGS,,-13600,Unspecified,,,,NONE,1,Imported Channel 1,UNSP,QADCP,VADCP,-13600,700,13100,-1.07,UNSP,UNSP,UNSP,unkn,UNSP,UNSP,UNSP,
USGS,11313434,443,2010-07-13 15:19:00,PST,Yes,YES,USGS,,-13800,Unspecified,,,,NONE,1,Imported Channel 1,UNSP,QADCP,VADCP,-13800,704,13100,-1.09,UNSP,UNSP,UNSP,unkn,UNSP,UNSP,UNSP,
USGS,11313434,444,2010-07-13 15:48:00,PST,Yes,YES,USGS,,-15600,Unspecified,,,,MEAS,1,Imported Channel 1,UNSP,QADCP,VADCP,15600,712,13300,-1.19,UNSP,UNSP,UNSP,unkn,UNSP,UNSP,UNSP,
USGS,11313434,445,2010-07-13 15:55:00,PST,Yes,YES,USGS,,-15600,Unspecified,,,,NONE,1,Imported Channel 1,UNSP,QADCP,VADCP,-15600,703,13200,-1.21,UNSP,UNSP,UNSP,unkn,UNSP,UNSP,UNSP,
USGS,11313434,446,2010-07-13 16:03:00,PST,Yes,YES,USGS,,-16100,Unspecified,,,,NONE,1,Imported Channel 1,UNSP,QADCP,VADCP,-16100,715,13400,-1.27,UNSP,UNSP,UNSP,unkn,UNSP,UNSP,UNSP,
USGS,11313434,447,2010-07-13 16:08:00,PST,Yes,YES,USGS,,-16200,Unspecified,,,,NONE,1,Imported Channel 1,UNSP,QADCP,VADCP,-16200,713,13600,-1.28,UNSP,UNSP,UNSP,unkn,UNSP,UNSP,UNSP,
USGS,11313434,448,2010-07-13 16:15:00,PST,Yes,YES,USGS,,-16200,Unspecified,,,,NONE,1,Imported Channel 1,UNSP,QADCP,VADCP,-16200,706,13400,-1.24,UNSP,UNSP,UNSP,unkn,UNSP,UNSP,UNSP,
USGS,11313434,449,2010-07-13 16:22:00,PST,Yes,YES,USGS,,-16500,Unspecified,,,,NONE,1,Imported Channel 1,UNSP,QADCP,VADCP,-16500,708,13600,-1.15,UNSP,UNSP,UNSP,unkn,UNSP,UNSP,UNSP,
USGS,11313434,450,2010-07-13 16:29:00,PST,Yes,YES,USGS,,-16100,Unspecified,,,,NONE,1,Imported Channel 1,UNSP,QADCP,VADCP,-16100,707,13300,-1.27,UNSP,UNSP,UNSP,unkn,UNSP,UNSP,UNSP,
USGS,11313434,451,2010-07-13 16:36:00,PST,Yes,YES,USGS,,-16400,Unspecified,,,,NONE,1,Imported Channel 1,UNSP,QADCP,VADCP,-16400,708,14000,-1.19,UNSP,UNSP,UNSP,unkn,UNSP,UNSP,UNSP,
USGS,11313434,452,2010-07-13 16:46:00,PST,Yes,YES,USGS,,-16800,Unspecified,,,,NONE,1,Imported Channel 1,UNSP,QADCP,VADCP,-16800,712,13500,-1.32,UNSP,UNSP,UNSP,unkn,UNSP,UNSP,UNSP,
USGS,11313434,453,2010-07-13 16:52:00,PST,Yes,YES,USGS,,-16400,Unspecified,,,,NONE,1,Imported Channel 1,UNSP,QADCP,VADCP,-16400,699,13800,-1.20,UNSP,UNSP,UNSP,unkn,UNSP,UNSP,UNSP,
USGS,11313434,454,2010-07-13 17:22:00,PST,Yes,YES,USGS,,-15900,Unspecified,,,,NONE,1,Imported Channel 1,UNSP,QADCP,VADCP,-15900,716,13900,-1.21,UNSP,UNSP,UNSP,unkn,UNSP,UNSP,UNSP,
USGS,11313434,455,2010-07-13 17:29:00,PST,Yes,YES,USGS,,-15800,Unspecified,,,,NONE,1,Imported Channel 1,UNSP,QADCP,VADCP,-15800,713,14000,-1.16,UNSP,UNSP,UNSP,unkn,UNSP,UNSP,UNSP,
USGS,11313434,456,2010-07-13 17:38:00,PST,Yes,YES,USGS,,-15200,Unspecified,,,,NONE,1,Imported Channel 1,UNSP,QADCP,VADCP,-15200,707,14000,-1.20,UNSP,UNSP,UNSP,unkn,UNSP,UNSP,UNSP,
USGS,11313434,457,2010-07-13 17:44:00,PST,Yes,YES,USGS,,-15000,Unspecified,,,,NONE,1,Imported Channel 1,UNSP,QADCP,VADCP,-15000,703,14200,-1.20,UNSP,UNSP,UNSP,unkn,UNSP,UNSP,UNSP,
USGS,11313434,458,2010-07-13 17:55:00,PST,Yes,YES,USGS,,-15100,Unspecified,,,,NONE,1,Imported Channel 1,UNSP,QADCP,VADCP,-15100,706,13900,-1.15,UNSP,UNSP,UNSP,unkn,UNSP,UNSP,UNSP,
USGS,11313434,459,2010-07-13 18:00:00,PST,Yes,YES,USGS,,-15300,Unspecified,,,,NONE,1,Imported Channel 1,UNSP,QADCP,VADCP,-15300,693,14300,-1.20,UNSP,UNSP,UNSP,unkn,UNSP,UNSP,UNSP,
USGS,11313434,460,2010-07-13 18:09:00,PST,Yes,YES,USGS,,-14300,Unspecified,,,,NONE,1,Imported Channel 1,UNSP,QADCP,VADCP,-14300,693,14000,-1.12,UNSP,UNSP,UNSP,unkn,UNSP,UNSP,UNSP,
USGS,11313434,461,2010-07-13 18:15:00,PST,Yes,YES,USGS,,-13500,Unspecified,,,,NONE,1,Imported Channel 1,UNSP,QADCP,VADCP,-13500,709,14200,-1.11,UNSP,UNSP,UNSP,unkn,UNSP,UNSP,UNSP,
USGS,11313434,462,2010-07-13 18:23:00,PST,Yes,YES,USGS,,-13900,Unspecified,,,,NONE,1,Imported Channel 1,UNSP,QADCP,VADCP,-13900,706,14200,-1.05,UNSP,UNSP,UNSP,unkn,UNSP,UNSP,UNSP,
USGS,11313434,463,2010-07-13 18:29:00,PST,Yes,YES,USGS,,-13000,Unspecified,,,,NONE,1,Imported Channel 1,UNSP,QADCP,VADCP,-13000,688,14200,-0.94,UNSP,UNSP,UNSP,unkn,UNSP,UNSP,UNSP,
USGS,11313434,464,2010-07-13 18:38:00,PST,Yes,YES,USGS,,-13100,Unspecified,,,,NONE,1,Imported Channel 1,UNSP,QADCP,VADCP,-13100,680,14100,-1.00,UNSP,UNSP,UNSP,unkn,UNSP,UNSP,UNSP,
USGS,11313434,465,2010-07-13 18:43:00,PST,Yes,YES,USGS,,-12700,Unspecified,,,,NONE,1,Imported Channel 1,UNSP,QADCP,VADCP,-12700,712,14400,-1.04,UNSP,UNSP,UNSP,unkn,UNSP,UNSP,UNSP,
USGS,11313434,466,2010-08-12 15:51:00,PST,Yes,YES,USGS,,-16900,Unspecified,,,,NONE,1,Imported Channel 1,UNSP,QADCP,VADCP,-16900,723,13900,-1.34,UNSP,UNSP,UNSP,unkn,UNSP,UNSP,UNSP,
USGS,11313434,467,2010-08-12 16:00:00,PST,Yes,YES,USGS,,-16900,Unspecified,,,,NONE,1,Imported Channel 1,UNSP,QADCP,VADCP,-16900,748,14000,1.42,UNSP,UNSP,UNSP,unkn,UNSP,UNSP,UNSP,
USGS,11313434,468,2010-08-12 16:15:00,PST,Yes,YES,USGS,,-17200,Unspecified,,,,NONE,1,Imported Channel 1,UNSP,QADCP,VADCP,-17200,715,14000,1.37,UNSP,UNSP,UNSP,unkn,UNSP,UNSP,UNSP,
USGS,11313434,469,2010-08-12 16:22:00,PST,Yes,YES,USGS,,-16300,Unspecified,,,,NONE,1,Imported Channel 1,UNSP,QADCP,VADCP,-16300,712,14000,1.33,UNSP,UNSP,UNSP,unkn,UNSP,UNSP,UNSP,
USGS,11313434,470,2010-08-12 16:30:00,PST,Yes,YES,USGS,,-16100,Unspecified,,,,NONE,1,Imported Channel 1,UNSP,QADCP,VADCP,-16100,708,14100,1.28,UNSP,UNSP,UNSP,unkn,UNSP,UNSP,UNSP,
USGS,11313434,471,2010-08-12 16:37:00,PST,Yes,YES,USGS,,-15900,Unspecified,,,,NONE,1,Imported Channel 1,UNSP,QADCP,VADCP,-15900,712,14000,1.26,UNSP,UNSP,UNSP,unkn,UNSP,UNSP,UNSP,
USGS,11313434,472,2011-04-08 12:19:00,PST,Yes,YES,USGS,,15500,Unspecified,,,,NONE,1,Imported Channel 1,UNSP,QADCP,VADCP,15500,702,13800,1.15,UNSP,UNSP,UNSP,unkn,UNSP,UNSP,UNSP,
USGS,11313434,473,2011-04-08 12:29:00,PST,Yes,YES,USGS,,15400,Unspecified,,,,NONE,1,Imported Channel 1,UNSP,QADCP,VADCP,15400,698,13800,1.26,UNSP,UNSP,UNSP,unkn,UNSP,UNSP,UNSP,
USGS,11313434,474,2011-04-08 12:41:00,PST,Yes,YES,USGS,,15600,Unspecified,,,,NONE,1,Imported Channel 1,UNSP,QADCP,VADCP,15600,702,13700,1.17,UNSP,UNSP,UNSP,unkn,UNSP,UNSP,UNSP,
USGS,11313434,475,2011-04-08 12:49:00,PST,Yes,YES,USGS,,15800,Unspecified,,,,NONE,1,Imported Channel 1,UNSP,QADCP,VADCP,15800,709,13700,1.19,UNSP,UNSP,UNSP,unkn,UNSP,UNSP,UNSP,
USGS,11313434,476,2012-08-08 10:57:00,PST,Yes,YES,USGS,,3360,Unspecified,,,,NONE,1,Imported Channel 1,UNSP,QADCP,VADCP,3360,705,13800,0.26,UNSP,UNSP,UNSP,unkn,UNSP,UNSP,UNSP,
USGS,11313434,477,2012-08-08 11:08:00,PST,Yes,YES,USGS,,4910,Unspecified,,,,NONE,1,Imported Channel 1,UNSP,QADCP,VADCP,4910,686,13600,0.37,UNSP,UNSP,UNSP,unkn,UNSP,UNSP,UNSP,
USGS,11313434,478,2012-08-08 11:22:00,PST,Yes,YES,USGS,,5840,Unspecified,,,,NONE,1,Imported Channel 1,UNSP,QADCP,VADCP,5840,699,13600,0.44,UNSP,UNSP,UNSP,unkn,UNSP,UNSP,UNSP,
USGS,11313434,479,2012-08-08 12:02:00,PST,Yes,YES,USGS,,7380,Unspecified,,,,NONE,1,Imported Channel 1,UNSP,QADCP,VADCP,7380,722,13600,0.57,UNSP,UNSP,UNSP,unkn,UNSP,UNSP,UNSP,
USGS,11313434,480,2012-08-08 12:16:00,PST,Yes,YES,USGS,,7190,Unspecified,,,,NONE,1,Imported Channel 1,UNSP,QADCP,VADCP,7190,694,13400,0.56,UNSP,UNSP,UNSP,unkn,UNSP,UNSP,UNSP,
USGS,11313434,481,2012-08-08 12:25:00,PST,Yes,YES,USGS,,7300,Unspecified,,,,NONE,1,Imported Channel 1,UNSP,QADCP,VADCP,7300,697,13400,0.56,UNSP,UNSP,UNSP,unkn,UNSP,UNSP,UNSP,
USGS,11313434,482,2012-08-08 12:35:00,PST,Yes,YES,USGS,,7140,Unspecified,,,,NONE,1,Imported Channel 1,UNSP,QADCP,VADCP,7140,692,13200,0.56,UNSP,UNSP,UNSP,unkn,UNSP,UNSP,UNSP,
USGS,11313434,483,2012-08-08 12:44:00,PST,Yes,YES,USGS,,7230,Unspecified,,,,NONE,1,Imported Channel 1,UNSP,QADCP,VADCP,7230,693,13300,0.57,UNSP,UNSP,UNSP,unkn,UNSP,UNSP,UNSP,
USGS,11313434,484,2012-08-08 12:54:00,PST,Yes,YES,USGS,,6810,Unspecified,,,,NONE,1,Imported Channel 1,UNSP,QADCP,VADCP,6810,709,13200,0.55,UNSP,UNSP,UNSP,unkn,UNSP,UNSP,UNSP,
USGS,11313434,485,2014-09-19 13:24:00,PST,Yes,YES,USGS,,-12200,Unspecified,,,,NONE,1,Imported Channel 1,UNSP,QADCP,VADCP,-12200,690,14700,-0.88,UNSP,UNSP,UNSP,unkn,UNSP,UNSP,UNSP,
USGS,11313434,486,2014-09-19 13:42:00,PST,Yes,YES,USGS,,-12400,Unspecified,,,,NONE,1,Imported Channel 1,UNSP,QADCP,VADCP,-12400,691,14500,-0.83,UNSP,UNSP,UNSP,unkn,UNSP,UNSP,UNSP,
USGS,11313434,487,2014-09-19 13:53:00,PST,Yes,YES,USGS,,-12100,Unspecified,,,,NONE,1,Imported Channel 1,UNSP,QADCP,VADCP,-12100,687,15000,-0.98,UNSP,UNSP,UNSP,unkn,UNSP,UNSP,UNSP,
USGS,11313434,488,2014-09-19 14:02:00,PST,Yes,YES,USGS,,-11400,Unspecified,,,,NONE,1,Imported Channel 1,UNSP,QADCP,VADCP,-11400,685,14900,-0.89,UNSP,UNSP,UNSP,unkn,UNSP,UNSP,UNSP,
USGS,11313434,489,2014-09-19 14:34:00,PST,Yes,YES,USGS,,-10500,Unspecified,,,,NONE,1,Imported Channel 1,UNSP,QADCP,VADCP,-10500,695,15400,-0.81,UNSP,UNSP,UNSP,unkn,UNSP,UNSP,UNSP,
USGS,11313434,490,2014-09-19 14:43:00,PST,Yes,YES,USGS,,-9670,Unspecified,,,,NONE,1,Imported Channel 1,UNSP,QADCP,VADCP,-9670,702,15700,-0.74,UNSP,UNSP,UNSP,unkn,UNSP,UNSP,UNSP,
USGS,11313434,491,2014-12-02 12:52:00,PST,Yes,"KM,LK",USGS,6.94,-14000,Unspecified,,,,NONE,1,Imported Channel 1,UNSP,QADCP,VADCP,-14000,,,,UNSP,UNSP,UNSP,unkn,UNSP,UNSP,UNSP,
USGS,11313434,492,2014-12-02 13:05:00,PST,Yes,"KM,LK",USGS,7.00,-13500,Unspecified,,,,NONE,1,Imported Channel 1,UNSP,QADCP,VADCP,-13500,,,,UNSP,UNSP,UNSP,unkn,UNSP,UNSP,UNSP,
USGS,11313434,493,2014-12-02 13:15:00,PST,Yes,"KM,LK",USGS,7.05,-12100,Unspecified,,,,NONE,1,Imported Channel 1,UNSP,QADCP,VADCP,-12100,,,,UNSP,UNSP,UNSP,unkn,UNSP,UNSP,UNSP,
USGS,11313434,494,2014-12-02 13:31:00,PST,Yes,"KM,LK",USGS,7.09,-11100,Unspecified,,,,NONE,1,Imported Channel 1,UNSP,QADCP,VADCP,-11100,,,,UNSP,UNSP,UNSP,unkn,UNSP,UNSP,UNSP,
USGS,11313434,495,2014-12-02 13:44:00,PST,Yes,"KM,LK",USGS,7.11,-7930,Unspecified,,,,NONE,1,Imported Channel 1,UNSP,QADCP,VADCP,-7930,,,,UNSP,UNSP,UNSP,unkn,UNSP,UNSP,UNSP,
USGS,11313434,496,2014-12-02 14:00:00,PST,Yes,"KM,LK",USGS,7.09,-5340,Unspecified,,,,NONE,1,Imported Channel 1,UNSP,QADCP,VADCP,-5340,,,,UNSP,UNSP,UNSP,unkn,UNSP,UNSP,UNSP,
USGS,11313434,497,2014-12-02 14:11:00,PST,Yes,"KM,LK",USGS,7.08,-2020,Unspecified,,,,NONE,1,Imported Channel 1,UNSP,QADCP,VADCP,-2020,,,,UNSP,UNSP,UNSP,unkn,UNSP,UNSP,UNSP,
USGS,11313434,498,2014-12-02 14:28:00,PST,Yes,"KM,LK",USGS,6.97,366,Unspecified,,,,NONE,1,Imported Channel 1,UNSP,QADCP,VADCP,366,,,,UNSP,UNSP,UNSP,unkn,UNSP,UNSP,UNSP,
USGS,11313434,499,2014-12-02 14:37:00,PST,Yes,"KM,LK",USGS,6.91,4900,Unspecified,,,,NONE,1,Imported Channel 1,UNSP,QADCP,VADCP,4900,,,,UNSP,UNSP,UNSP,unkn,UNSP,UNSP,UNSP,
USGS,11313434,500,2014-12-02 14:51:00,PST,Yes,"KM,LK",USGS,6.82,5900,Unspecified,,,,NONE,1,Imported Channel 1,UNSP,QADCP,VADCP,5900,,,,UNSP,UNSP,UNSP,unkn,UNSP,UNSP,UNSP,
USGS,11313434,501,2015-03-03 16:43:00,PST,Yes,??/??,USGS,6.39,3640,Unspecified,,,Clear,NONE,1,Imported Channel 1,UNSP,QADCP,VADCP,3640,,,,UNSP,UNSP,UNSP,unkn,UNSP,UNSP,UNSP,
USGS,11313434,502,2015-03-03 16:58:00,PST,Yes,??/??,USGS,6.29,6360,Unspecified,,,Clear,NONE,1,Imported Channel 1,UNSP,QADCP,VADCP,6360,,,,UNSP,UNSP,UNSP,unkn,UNSP,UNSP,UNSP,
USGS,11313434,503,2015-03-03 17:11:00,PST,Yes,??/??,USGS,6.22,8520,Unspecified,,,Clear,NONE,1,Imported Channel 1,UNSP,QADCP,VADCP,8520,,,,UNSP,UNSP,UNSP,unkn,UNSP,UNSP,UNSP,
USGS,11313434,504,2015-03-03 17:20:00,PST,Yes,??/??,USGS,6.17,9630,Unspecified,,,Clear,NONE,1,Imported Channel 1,UNSP,QADCP,VADCP,9630,,,,UNSP,UNSP,UNSP,unkn,UNSP,UNSP,UNSP,
USGS,11313434,505,2015-03-03 17:27:00,PST,Yes,??/??,USGS,6.10,10000,Unspecified,,,Clear,NONE,1,Imported Channel 1,UNSP,QADCP,VADCP,10000,,,,UNSP,UNSP,UNSP,unkn,UNSP,UNSP,UNSP,
USGS,11313434,506,2015-03-03 17:37:00,PST,Yes,??/??,USGS,6.01,11700,Unspecified,,,Clear,NONE,1,Imported Channel 1,UNSP,QADCP,VADCP,11700,,,,UNSP,UNSP,UNSP,unkn,UNSP,UNSP,UNSP,
USGS,11313434,507,2015-06-16 13:21:00,PST,Yes,AD/JD,USGS,4.13,-1450,Poor,,,Clear,NONE,1,Imported Channel 1,UNSP,QADCP,VADCP,-1450,658,12900,,UNSP,UNSP,UNSP,unkn,UNSP,UNSP,UNSP,
USGS,11313434,508,2015-06-16 13:29:00,PST,Yes,AD/JD,USGS,4.18,-2850,Poor,,,Clear,NONE,1,Imported Channel 1,UNSP,QADCP,VADCP,-2850,639,12700,,UNSP,UNSP,UNSP,unkn,UNSP,UNSP,UNSP,
USGS,11313434,509,2015-06-16 13:37:00,PST,Yes,AD/JD,USGS,4.26,-3810,Fair,,,Clear,NONE,1,Imported Channel 1,UNSP,QADCP,VADCP,-3810,648,12500,,UNSP,UNSP,UNSP,unkn,UNSP,UNSP,UNSP,
USGS,11313434,510,2015-06-16 13:45:00,PST,Yes,AD/JD,USGS,4.33,-5640,Poor,,,Clear,NONE,1,Imported Channel 1,UNSP,QADCP,VADCP,-5640,633,12700,,UNSP,UNSP,UNSP,unkn,UNSP,UNSP,UNSP,
USGS,11313434,511,2015-06-16 13:51:00,PST,Yes,AD/JD,USGS,4.39,-6290,Excellent,,,Clear,NONE,1,Imported Channel 1,UNSP,QADCP,VADCP,-6290,627,12500,,UNSP,UNSP,UNSP,unkn,UNSP,UNSP,UNSP,
USGS,11313434,512,2015-06-16 14:01:00,PST,Yes,AD/JD,USGS,4.46,-7200,Poor,,,Clear,NONE,1,Imported Channel 1,UNSP,QADCP,VADCP,-7200,646,13000,,UNSP,UNSP,UNSP,unkn,UNSP,UNSP,UNSP,
USGS,11313434,513,2015-08-13 09:29:22,PST,Yes,"AD,CH",USGS,4.93,7510,Poor,,,Clear,NONE,1,ORQ,MBOT,QADCP,VADCP,7510,697,13700,0.55,FIRM,GRVL,UNEV,unkn,UNSP,NSTD,DNST,100.00
USGS,11313434,514,2015-08-13 09:35:47,PST,Yes,"AD,CH",USGS,4.88,7420,Poor,,,Clear,NONE,1,ORQ,MBOT,QADCP,VADCP,7420,702,13900,0.53,UNSP,UNSP,UNSP,unkn,UNSP,UNSP,UNSP,
USGS,11313434,515,2015-08-13 09:43:00,PST,Yes,"AD,CH",USGS,4.82,7380,Poor,,,Clear,NONE,1,ORQ,MBOT,QADCP,VADCP,7380,695,13900,0.53,UNSP,UNSP,UNSP,unkn,UNSP,UNSP,UNSP,
USGS,11313434,516,2015-08-13 09:51:42,PST,Yes,"AD,CH",USGS,4.75,7010,Poor,,,Clear,NONE,1,ORQ,MBOT,QADCP,VADCP,7010,706,13900,0.51,UNSP,UNSP,UNSP,unkn,UNSP,UNSP,UNSP,
USGS,11313434,517,2015-08-13 09:59:18,PST,Yes,"AD,CH",USGS,4.69,6910,Poor,,,Clear,NONE,1,ORQ,MBOT,QADCP,VADCP,6910,667,13400,0.52,UNSP,UNSP,UNSP,unkn,UNSP,UNSP,UNSP,
USGS,11313434,518,2015-08-13 10:06:52,PST,Yes,"AD,CH",USGS,4.63,6730,Poor,,,Clear,NONE,1,ORQ,MBOT,QADCP,VADCP,6730,669,13400,0.50,UNSP,UNSP,UNSP,unkn,UNSP,UNSP,UNSP,
USGS,11313434,519,2015-08-13 10:14:01,PST,Yes,"AD,CH",USGS,4.58,6520,Poor,,,Clear,NONE,1,ORQ,MBOT,QADCP,VADCP,6520,672,13300,0.49,UNSP,UNSP,UNSP,unkn,UNSP,UNSP,UNSP,
USGS,11313434,520,2015-08-13 10:21:58,PST,Yes,"AD,CH",USGS,4.52,6420,Poor,,,Clear,NONE,1,ORQ,MBOT,QADCP,VADCP,6420,658,13100,0.49,UNSP,UNSP,UNSP,unkn,UNSP,UNSP,UNSP,
USGS,11313434,521,2015-10-14 09:41:31,PST,Yes,"TV, CH",USGS,5.44,12100,Fair,,,,NONE,1,ORQ,MBOT,QADCP,VADCP,12100,680,14500,0.83,FIRM,silt,UNEV,unkn,UNEV,NSTD,DNST,100.00
USGS,11313434,522,2015-10-14 09:50:31,PST,Yes,"TV, CH",USGS,5.38,11900,Fair,,,,NONE,1,ORQ,MBOT,QADCP,VADCP,11900,660,13900,0.85,UNSP,UNSP,UNSP,unkn,UNSP,UNSP,UNSP,
USGS,11313434,523,2015-10-14 09:59:45,PST,Yes,"TV, CH",USGS,5.31,11500,Poor,,,,NONE,1,ORQ,MBOT,QADCP,VADCP,11500,686,14600,0.79,UNSP,UNSP,UNSP,unkn,UNSP,UNSP,UNSP,
USGS,11313434,524,2015-10-14 10:14:42,PST,Yes,"TV, CH",USGS,5.21,11600,Fair,,,,NONE,1,ORQ,MBOT,QADCP,VADCP,11600,756,15500,0.75,UNSP,UNSP,UNSP,unkn,UNSP,UNSP,UNSP,
USGS,11313434,525,2015-10-14 10:22:15,PST,Yes,"TV, CH",USGS,5.16,11100,Fair,,,,NONE,1,ORQ,MBOT,QADCP,VADCP,11100,677,14500,0.77,UNSP,UNSP,UNSP,unkn,UNSP,UNSP,UNSP,
USGS,11313434,526,2015-10-14 10:30:01,PST,Yes,"TV, CH",USGS,5.11,10400,Poor,,,,NONE,1,ORQ,MBOT,QADCP,VADCP,10400,676,14300,0.73,UNSP,UNSP,UNSP,unkn,UNSP,UNSP,UNSP,
USGS,11313434,527,2015-12-07 13:11:32,PST,Yes,"TV,RJ",USGS,6.64,-14600,Fair,,,,NONE,1,ORQ,MBOT,QADCP,VADCP,-14600,720,14700,-0.99,FIRM,silt,UNEV,unkn,UNEV,NSTD,DNST,100.00
USGS,11313434,528,2015-12-07 13:20:23,PST,Yes,"TV,RJ",USGS,6.69,-14200,Fair,,,,NONE,1,ORQ,MBOT,QADCP,VADCP,-14200,714,15100,-0.94,UNSP,UNSP,UNSP,unkn,UNSP,UNSP,UNSP,
USGS,11313434,529,2015-12-07 13:29:24,PST,Yes,"TV,RJ",USGS,6.75,-14400,Fair,,,,NONE,1,ORQ,MBOT,QADCP,VADCP,-14400,714,15100,-0.95,UNSP,UNSP,UNSP,unkn,UNSP,UNSP,UNSP,
USGS,11313434,530,2015-12-07 13:40:41,PST,Yes,"TV,RJ",USGS,6.81,-13100,Fair,,,,NONE,1,ORQ,MBOT,QADCP,VADCP,-13100,713,15300,-0.86,UNSP,UNSP,UNSP,unkn,UNSP,UNSP,UNSP,
USGS,11313434,531,2015-12-07 13:50:59,PST,Yes,"TV,RJ",USGS,6.85,-12100,Fair,,,,NONE,1,ORQ,MBOT,QADCP,VADCP,-12100,725,14800,-0.82,UNSP,UNSP,UNSP,unkn,UNSP,UNSP,UNSP,
USGS,11313434,532,2015-12-07 14:02:36,PST,Yes,"TV,RJ",USGS,6.89,-11700,Fair,,,,NONE,1,ORQ,MBOT,QADCP,VADCP,-11700,712,15000,-0.78,UNSP,UNSP,UNSP,unkn,UNSP,UNSP,UNSP,
USGS,11313434,533,2015-12-07 14:10:58,PST,Yes,"TV,RJ",USGS,6.91,-10300,Fair,,,,NONE,1,ORQ,MBOT,QADCP,VADCP,-10300,718,14900,-0.69,UNSP,UNSP,UNSP,unkn,UNSP,UNSP,UNSP,
USGS,11313434,534,2015-12-07 14:19:25,PST,Yes,"TV,RJ",USGS,6.93,-9980,Fair,,,,NONE,1,ORQ,MBOT,QADCP,VADCP,-9980,712,15000,-0.67,UNSP,UNSP,UNSP,unkn,UNSP,UNSP,UNSP,
USGS,11313434,535,2016-04-07 11:43:02,PST,Yes,"TV, CH",USGS,3.99,7580,Good,,,,NONE,1,ORQ,MBOT,QADCP,VADCP,7580,686,13400,0.56,FIRM,silt,UNEV,unkn,UNEV,NSTD,DNST,100.00
USGS,11313434,536,2016-04-07 11:51:29,PST,Yes,"TV, CH",USGS,4.01,5830,Fair,,,,NONE,1,ORQ,MBOT,QADCP,VADCP,5830,685,13300,0.44,UNSP,UNSP,UNSP,unkn,UNSP,UNSP,UNSP,
USGS,11313434,537,2016-04-07 11:59:07,PST,Yes,"TV, CH",USGS,4.03,4590,Fair,,,,NONE,1,ORQ,MBOT,QADCP,VADCP,4590,693,13600,0.34,UNSP,UNSP,UNSP,unkn,UNSP,UNSP,UNSP,
USGS,11313434,538,2016-04-07 12:06:34,PST,Yes,"TV, CH",USGS,4.09,2640,Fair,,,,NONE,1,ORQ,MBOT,QADCP,VADCP,2640,697,13700,0.19,UNSP,UNSP,UNSP,unkn,UNSP,UNSP,UNSP,
USGS,11313434,539,2016-04-07 12:13:43,PST,Yes,"TV, CH",USGS,4.14,896,Fair,,,,NONE,1,ORQ,MBOT,QADCP,VADCP,896,676,13400,0.07,UNSP,UNSP,UNSP,unkn,UNSP,UNSP,UNSP,
USGS,11313434,540,2016-04-07 12:21:02,PST,Yes,"TV, CH",USGS,4.22,-1330,Poor,,,,NONE,1,ORQ,MBOT,QADCP,VADCP,-1330,689,13600,-0.10,UNSP,UNSP,UNSP,unkn,UNSP,UNSP,UNSP,
USGS,11313434,541,2016-06-30 10:09:36,PST,Yes,"TV, CH",USGS,4.51,-10100,Good,,,,NONE,1,ORQ,MBOT,QADCP,VADCP,-10100,675,13100,-0.77,FIRM,silt,UNEV,unkn,UNEV,UNKN,DNST,100.00
USGS,11313434,542,2016-06-30 10:17:35,PST,Yes,"TV, CH",USGS,4.58,-11700,Good,,,,NONE,1,ORQ,MBOT,QADCP,VADCP,-11700,677,13600,-0.86,UNSP,UNSP,UNSP,unkn,UNSP,UNSP,UNSP,
USGS,11313434,543,2016-06-30 10:27:01,PST,Yes,"TV, CH",USGS,4.65,-13400,Fair,,,,NONE,1,ORQ,MBOT,QADCP,VADCP,-13400,682,13600,-0.98,UNSP,UNSP,UNSP,unkn,UNSP,UNSP,UNSP,
USGS,11313434,544,2016-06-30 10:36:00,PST,Yes,"TV, CH",USGS,4.72,-13300,Good,,,,NONE,1,ORQ,MBOT,QADCP,VADCP,-13300,676,13500,-0.99,UNSP,UNSP,UNSP,unkn,UNSP,UNSP,UNSP,
USGS,11313434,545,2016-06-30 10:56:24,PST,Yes,"TV, CH",USGS,4.86,-14900,Good,,,,NONE,1,ORQ,MBOT,QADCP,VADCP,-14900,675,13500,-1.10,UNSP,UNSP,UNSP,unkn,UNSP,UNSP,UNSP,
USGS,11313434,546,2016-06-30 11:03:35,PST,Yes,"TV, CH",USGS,4.91,-15900,Good,,,,NONE,1,ORQ,MBOT,QADCP,VADCP,-15900,674,13400,-1.19,UNSP,UNSP,UNSP,unkn,UNSP,UNSP,UNSP,
USGS,11313434,547,2016-09-15 10:00:29,PST,Yes,"TV, CH",USGS,3.93,8780,Good,,,,NONE,1,ORQ,MBOT,QADCP,VADCP,8780,669,13100,0.67,FIRM,silt,UNEV,unkn,UNEV,NSTD,DNST,100.00
USGS,11313434,548,2016-09-15 10:07:06,PST,Yes,"TV, CH",USGS,3.89,8530,Good,,,,NONE,1,ORQ,MBOT,QADCP,VADCP,8530,658,12900,0.66,UNSP,UNSP,UNSP,unkn,UNSP,UNSP,UNSP,
USGS,11313434,549,2016-09-15 10:13:49,PST,Yes,"TV, CH",USGS,3.85,8310,Good,,,,NONE,1,ORQ,MBOT,QADCP,VADCP,8310,670,13100,0.64,UNSP,UNSP,UNSP,unkn,UNSP,UNSP,UNSP,
USGS,11313434,550,2016-09-15 10:20:59,PST,Yes,"TV, CH",USGS,3.81,7970,Good,,,,NONE,1,ORQ,MBOT,QADCP,VADCP,7970,680,13100,0.61,UNSP,UNSP,UNSP,unkn,UNSP,UNSP,UNSP,
USGS,11313434,551,2016-09-15 10:28:09,PST,Yes,"TV, CH",USGS,3.78,7660,Good,,,,NONE,1,ORQ,MBOT,QADCP,VADCP,7660,672,13100,0.58,UNSP,UNSP,UNSP,unkn,UNSP,UNSP,UNSP,
USGS,11313434,552,2016-09-15 10:37:00,PST,Yes,"TV, CH",USGS,3.75,6920,Good,,,,NONE,1,ORQ,MBOT,QADCP,VADCP,6920,664,12900,0.54,UNSP,UNSP,UNSP,unkn,UNSP,UNSP,UNSP,
USGS,11313434,553,2016-09-15 10:46:05,PST,Yes,"TV, CH",USGS,3.73,6210,Good,,,,NONE,1,ORQ,MBOT,QADCP,VADCP,6210,652,12800,0.48,UNSP,UNSP,UNSP,unkn,UNSP,UNSP,UNSP,
USGS,11313434,554,2016-09-15 10:54:49,PST,Yes,"TV, CH",USGS,3.73,5200,Good,,,,NONE,1,ORQ,MBOT,QADCP,VADCP,5200,659,12900,0.40,UNSP,UNSP,UNSP,unkn,UNSP,UNSP,UNSP,
USGS,11313434,555,2016-09-15 11:03:41,PST,Yes,"TV, CH",USGS,3.75,3900,Good,,,,NONE,1,ORQ,MBOT,QADCP,VADCP,3900,664,13000,0.30,UNSP,UNSP,UNSP,unkn,UNSP,UNSP,UNSP,
USGS,11313434,556,2016-09-15 11:11:38,PST,Yes,"TV, CH",USGS,3.78,2320,Good,,,,NONE,1,ORQ,MBOT,QADCP,VADCP,2320,653,12700,0.18,UNSP,UNSP,UNSP,unkn,UNSP,UNSP,UNSP,
USGS,11313434,557,2016-09-15 11:18:31,PST,Yes,"TV, CH",USGS,3.82,726,Good,,,,NONE,1,ORQ,MBOT,QADCP,VADCP,726,657,12800,0.06,UNSP,UNSP,UNSP,unkn,UNSP,UNSP,UNSP,
USGS,11313434,558,2016-09-15 11:25:36,PST,Yes,"TV, CH",USGS,3.88,-1200,Good,,,,NONE,1,ORQ,MBOT,QADCP,VADCP,-1200,668,13100,-0.09,UNSP,UNSP,UNSP,unkn,UNSP,UNSP,UNSP,
USGS,11313434,559,2016-09-15 11:32:43,PST,Yes,"TV, CH",USGS,3.95,-2970,Good,,,,NONE,1,ORQ,MBOT,QADCP,VADCP,-2970,670,13100,-0.23,UNSP,UNSP,UNSP,unkn,UNSP,UNSP,UNSP,
USGS,11313434,560,2016-09-15 11:39:19,PST,Yes,"TV, CH",USGS,4.02,-4890,Good,,,,NONE,1,ORQ,MBOT,QADCP,VADCP,-4890,679,13400,-0.36,UNSP,UNSP,UNSP,unkn,UNSP,UNSP,UNSP,
USGS,11313434,561,2016-09-15 11:46:55,PST,Yes,"TV, CH",USGS,4.10,-6820,Good,,,,NONE,1,ORQ,MBOT,QADCP,VADCP,-6820,674,13200,-0.52,UNSP,UNSP,UNSP,unkn,UNSP,UNSP,UNSP,
USGS,11313434,562,2016-09-15 11:54:51,PST,Yes,"TV, CH",USGS,4.18,-8590,Good,,,,NONE,1,ORQ,MBOT,QADCP,VADCP,-8590,674,13400,-0.64,UNSP,UNSP,UNSP,unkn,UNSP,UNSP,UNSP,
USGS,11313434,563,2016-12-07 10:59:31,PST,Yes,"TV,CH",USGS,5.70,-13100,Good,,,,NONE,1,ORQ,MBOT,QADCP,VADCP,-13100,704,14500,-0.91,FIRM,silt,UNEV,unkn,UNEV,UNKN,DNST,100.00
USGS,11313434,564,2016-12-07 11:05:46,PST,Yes,"TV,CH",USGS,5.73,-12600,Good,,,,NONE,1,ORQ,MBOT,QADCP,VADCP,-12600,694,14400,-0.87,UNSP,UNSP,UNSP,unkn,UNSP,UNSP,UNSP,
USGS,11313434,565,2016-12-07 11:24:32,PST,Yes,"TV,CH",USGS,5.81,-12200,Good,,,,NONE,1,ORQ,MBOT,QADCP,VADCP,-12200,695,14400,-0.85,UNSP,UNSP,UNSP,unkn,UNSP,UNSP,UNSP,
USGS,11313434,566,2016-12-07 11:31:45,PST,Yes,"TV,CH",USGS,5.82,-11000,Good,,,,NONE,1,ORQ,MBOT,QADCP,VADCP,-11000,693,14400,-0.77,UNSP,UNSP,UNSP,unkn,UNSP,UNSP,UNSP,
USGS,11313434,567,2016-12-07 11:38:43,PST,Yes,"TV,CH",USGS,5.84,-10800,Good,,,,NONE,1,ORQ,MBOT,QADCP,VADCP,-10800,691,14300,-0.76,UNSP,UNSP,UNSP,unkn,UNSP,UNSP,UNSP,
USGS,11313434,568,2016-12-07 11:45:28,PST,Yes,"TV,CH",USGS,5.85,-10100,Good,,,,NONE,1,ORQ,MBOT,QADCP,VADCP,-10100,683,14500,-0.70,UNSP,UNSP,UNSP,unkn,UNSP,UNSP,UNSP,
USGS,11313434,569,2017-02-14 10:47:10,PST,Yes,TV/CH,USGS,7.81,12300,Good,,,,NONE,1,ORQ,MBOT,QADCP,VADCP,12300,750,17100,0.72,FIRM,silt,UNEV,unkn,UNEV,UNKN,DNST,100.00
USGS,11313434,570,2017-02-14 10:59:56,PST,Yes,TV/CH,USGS,7.74,12700,Good,,,,NONE,1,ORQ,MBOT,QADCP,VADCP,12700,765,17200,0.74,UNSP,UNSP,UNSP,unkn,UNSP,UNSP,UNSP,
USGS,11313434,571,2017-02-14 11:11:17,PST,Yes,TV/CH,USGS,7.68,12600,Good,,,,NONE,1,ORQ,MBOT,QADCP,VADCP,12600,754,17100,0.74,UNSP,UNSP,UNSP,unkn,UNSP,UNSP,UNSP,
USGS,11313434,572,2017-02-14 11:20:15,PST,Yes,TV/CH,USGS,7.63,12900,Good,,,,NONE,1,ORQ,MBOT,QADCP,VADCP,12900,744,16900,0.76,UNSP,UNSP,UNSP,unkn,UNSP,UNSP,UNSP,
USGS,11313434,573,2017-02-14 11:29:33,PST,Yes,TV/CH,USGS,7.58,12800,Good,,,,NONE,1,ORQ,MBOT,QADCP,VADCP,12800,752,17200,0.75,UNSP,UNSP,UNSP,unkn,UNSP,UNSP,UNSP,
USGS,11313434,574,2017-02-14 11:40:54,PST,Yes,TV/CH,USGS,7.52,13100,Good,,,,NONE,1,ORQ,MBOT,QADCP,VADCP,13100,744,17100,0.77,UNSP,UNSP,UNSP,unkn,UNSP,UNSP,UNSP,
USGS,11313434,575,2017-03-02 11:43:00,PST,Yes,BS/RJ,USGS,6.54,17500,Unspecified,,,,NONE,1,ORQ,MBOT,QADCP,VADCP,17500,711,15000,1.16,UNSP,UNSP,UNSP,unkn,UNSP,UNSP,DNST,100.00
USGS,11313434,576,2017-03-02 11:49:00,PST,Yes,BS/RJ,USGS,6.48,17400,Unspecified,,,,NONE,1,ORQ,MBOT,QADCP,VADCP,17400,701,14700,1.19,UNSP,UNSP,UNSP,unkn,UNSP,UNSP,UNSP,
USGS,11313434,577,2017-03-02 11:55:30,PST,Yes,BS/RJ,USGS,6.44,17500,Unspecified,,,,NONE,1,ORQ,MBOT,QADCP,VADCP,17500,699,14800,1.18,UNSP,UNSP,UNSP,unkn,UNSP,UNSP,UNSP,
USGS,11313434,578,2017-03-02 12:02:00,PST,Yes,BS/RJ,USGS,6.40,17300,Unspecified,,,,NONE,1,ORQ,MBOT,QADCP,VADCP,17300,714,14800,1.17,UNSP,UNSP,UNSP,unkn,UNSP,UNSP,UNSP,
USGS,11313434,579,2017-03-02 12:08:00,PST,Yes,BS/RJ,USGS,6.36,17100,Unspecified,,,,NONE,1,ORQ,MBOT,QADCP,VADCP,17100,717,15100,1.13,UNSP,UNSP,UNSP,unkn,UNSP,UNSP,UNSP,
USGS,11313434,580,2017-03-02 12:14:00,PST,Yes,BS/RJ,USGS,6.32,17600,Unspecified,,,,NONE,1,ORQ,MBOT,QADCP,VADCP,17600,724,15100,1.16,UNSP,UNSP,UNSP,unkn,UNSP,UNSP,UNSP,
USGS,11313434,586,2017-04-19 09:24:01,PST,Yes,"TV, CH",USGS,6.48,-3220,Good,,,,NONE,1,ORQ,MBOT,QADCP,VADCP,-3220,722,15300,-0.21,FIRM,silt,UNEV,unkn,UNEV,UNKN,DNST,100.00
USGS,11313434,585,2017-04-19 09:31:14,PST,Yes,"TV, CH",USGS,6.48,-2510,Good,,,,NONE,1,ORQ,MBOT,QADCP,VADCP,-2510,725,15100,-0.17,UNSP,UNSP,UNSP,unkn,UNSP,UNSP,UNSP,
USGS,11313434,584,2017-04-19 09:38:50,PST,Yes,"TV, CH",USGS,6.49,-1810,Good,,,,NONE,1,ORQ,MBOT,QADCP,VADCP,-1810,742,15800,-0.12,UNSP,UNSP,UNSP,unkn,UNSP,UNSP,UNSP,
USGS,11313434,583,2017-04-19 09:55:24,PST,Yes,"TV, CH",USGS,6.49,-70.6,Good,,,,NONE,1,ORQ,MBOT,QADCP,VADCP,-70.6,701,14700,-0.00,UNSP,UNSP,UNSP,unkn,UNSP,UNSP,UNSP,
USGS,11313434,582,2017-04-19 10:03:46,PST,Yes,"TV, CH",USGS,6.48,990,Good,,,,NONE,1,ORQ,MBOT,QADCP,VADCP,990,723,15600,0.06,UNSP,UNSP,UNSP,unkn,UNSP,UNSP,UNSP,
USGS,11313434,581,2017-04-19 10:12:15,PST,Yes,"TV, CH",USGS,6.47,2010,Good,,,,NONE,1,ORQ,MBOT,QADCP,VADCP,2010,714,15000,0.13,UNSP,UNSP,UNSP,unkn,UNSP,UNSP,UNSP,
USGS,11313434,587,2017-06-29 08:40:13,PST,Yes,TV/CH,USGS,6.96,-7850,Good,,,,NONE,1,ORQ,MBOT,QADCP,VADCP,-7850,733,16100,-0.49,FIRM,silt,UNEV,PULS,UNEV,NSTD,DNST,100.00
USGS,11313434,588,2017-06-29 08:47:14,PST,Yes,TV/CH,USGS,6.96,-6110,Good,,,,NONE,1,ORQ,MBOT,QADCP,VADCP,-6110,734,16300,-0.38,UNSP,UNSP,UNSP,UNSP,UNSP,UNSP,UNSP,
USGS,11313434,589,2017-06-29 08:54:09,PST,Yes,TV/CH,USGS,6.96,-5670,Good,,,,NONE,1,ORQ,MBOT,QADCP,VADCP,-5670,713,15500,-0.36,UNSP,UNSP,UNSP,UNSP,UNSP,UNSP,UNSP,
USGS,11313434,590,2017-06-29 09:02:03,PST,Yes,TV/CH,USGS,6.94,-4410,Good,,,,NONE,1,ORQ,MBOT,QADCP,VADCP,-4410,720,15700,-0.28,UNSP,UNSP,UNSP,UNSP,UNSP,UNSP,UNSP,
USGS,11313434,591,2017-06-29 09:10:57,PST,Yes,TV/CH,USGS,6.92,-2970,Good,,,,NONE,1,ORQ,MBOT,QADCP,VADCP,-2970,720,15500,-0.19,UNSP,UNSP,UNSP,UNSP,UNSP,UNSP,UNSP,
USGS,11313434,592,2017-06-29 09:19:10,PST,Yes,TV/CH,USGS,6.88,-896,Good,,,,NONE,1,ORQ,MBOT,QADCP,VADCP,-896,720,15800,-0.06,UNSP,UNSP,UNSP,UNSP,UNSP,UNSP,UNSP,
USGS,11313434,593,2017-06-29 09:26:54,PST,Yes,TV/CH,USGS,6.85,617,Good,,,,NONE,1,ORQ,MBOT,QADCP,VADCP,617,710,15300,0.04,UNSP,UNSP,UNSP,UNSP,UNSP,UNSP,UNSP,
USGS,11313434,594,2017-06-29 09:35:19,PST,Yes,TV/CH,USGS,6.80,1900,Good,,,,NONE,1,ORQ,MBOT,QADCP,VADCP,1900,716,15800,0.12,UNSP,UNSP,UNSP,UNSP,UNSP,UNSP,UNSP,
USGS,11313434,595,2017-06-29 09:43:33,PST,Yes,TV/CH,USGS,6.75,4010,Good,,,,NONE,1,ORQ,MBOT,QADCP,VADCP,4010,734,15700,0.26,UNSP,UNSP,UNSP,UNSP,UNSP,UNSP,UNSP,
USGS,11313434,596,2017-06-29 09:52:35,PST,Yes,TV/CH,USGS,6.69,5310,Good,,,,NONE,1,ORQ,MBOT,QADCP,VADCP,5310,743,16000,0.33,UNSP,UNSP,UNSP,UNSP,UNSP,UNSP,UNSP,
USGS,11313434,597,2017-06-29 10:00:37,PST,Yes,TV/CH,USGS,6.64,7050,Good,,,,NONE,1,ORQ,MBOT,QADCP,VADCP,7050,726,15800,0.45,UNSP,UNSP,UNSP,UNSP,UNSP,UNSP,UNSP,
USGS,11313434,598,2017-06-29 10:08:14,PST,Yes,TV/CH,USGS,6.59,8150,Good,,,,NONE,1,ORQ,MBOT,QADCP,VADCP,8150,752,16500,0.50,UNSP,UNSP,UNSP,UNSP,UNSP,UNSP,UNSP,
USGS,11313434,599,2017-08-31 09:23:36,PST,Yes,"TV,NS",USGS,4.24,-6690,Good,,,Unspecifed,NONE,1,ORQ,MBOT,QADCP,VADCP,-6690,699,13300,-0.50,FIRM,silt,UNEV,unkn,UNEV,UNKN,DNST,100.00
USGS,11313434,600,2017-08-31 09:29:27,PST,Yes,"TV,NS",USGS,4.28,-7550,Good,,,Unspecifed,NONE,1,ORQ,MBOT,QADCP,VADCP,-7550,696,13500,-0.56,UNSP,UNSP,UNSP,unkn,UNSP,UNSP,UNSP,
USGS,11313434,601,2017-08-31 09:36:14,PST,Yes,"TV,NS",USGS,4.33,-9030,Good,,,Unspecifed,NONE,1,ORQ,MBOT,QADCP,VADCP,-9030,704,13300,-0.68,UNSP,UNSP,UNSP,unkn,UNSP,UNSP,UNSP,
USGS,11313434,602,2017-08-31 09:43:09,PST,Yes,"TV,NS",USGS,4.39,-9940,Good,,,Unspecifed,NONE,1,ORQ,MBOT,QADCP,VADCP,-9940,701,13500,-0.74,UNSP,UNSP,UNSP,unkn,UNSP,UNSP,UNSP,
USGS,11313434,603,2017-08-31 09:50:17,PST,Yes,"TV,NS",USGS,4.45,-10900,Good,,,Unspecifed,NONE,1,ORQ,MBOT,QADCP,VADCP,-10900,691,13300,-0.81,UNSP,UNSP,UNSP,unkn,UNSP,UNSP,UNSP,
USGS,11313434,604,2017-08-31 09:57:22,PST,Yes,"TV,NS",USGS,4.51,-11200,Good,,,Unspecifed,NONE,1,ORQ,MBOT,QADCP,VADCP,-11200,694,13600,-0.83,UNSP,UNSP,UNSP,unkn,UNSP,UNSP,UNSP,
USGS,11313434,605,2017-11-22 11:27:55,PST,Yes,RPJ/CCH,USGS,5.30,5910,Good,,,,NONE,1,ORQ,MBOT,QADCP,VADCP,5910,687,14300,0.41,FIRM,silt,UNEV,PULS,UNEV,UNKN,DNST,100.00
USGS,11313434,606,2017-11-22 11:35:29,PST,Yes,RPJ/CCH,USGS,5.26,5940,Good,,,,NONE,1,ORQ,MBOT,QADCP,VADCP,5940,702,14200,0.42,UNSP,UNSP,UNSP,UNSP,UNSP,UNSP,UNSP,
USGS,11313434,607,2017-11-22 11:42:59,PST,Yes,RPJ/CCH,USGS,5.22,5600,Good,,,,NONE,1,ORQ,MBOT,QADCP,VADCP,5600,706,14400,0.39,UNSP,UNSP,UNSP,UNSP,UNSP,UNSP,UNSP,
USGS,11313434,608,2017-11-22 11:50:37,PST,Yes,RPJ/CCH,USGS,5.18,5520,Good,,,,NONE,1,ORQ,MBOT,QADCP,VADCP,5520,703,14200,0.39,UNSP,UNSP,UNSP,UNSP,UNSP,UNSP,UNSP,
USGS,11313434,609,2017-11-22 11:58:04,PST,Yes,RPJ/CCH,USGS,5.15,5160,Good,,,,NONE,1,ORQ,MBOT,QADCP,VADCP,5160,695,14300,0.36,UNSP,UNSP,UNSP,UNSP,UNSP,UNSP,UNSP,
USGS,11313434,610,2017-11-22 12:06:04,PST,Yes,RPJ/CCH,USGS,5.12,4800,Good,,,,NONE,1,ORQ,MBOT,QADCP,VADCP,4800,689,14000,0.34,UNSP,UNSP,UNSP,UNSP,UNSP,UNSP,UNSP,
USGS,11313434,611,2018-01-29 11:03:47,PST,Yes,"TV,CH,MI",USGS,5.35,-16700,Good,,,,NONE,1,ORQ,MBOT,QADCP,VADCP,-16700,712,14200,-1.17,FIRM,silt,UNEV,PULS,UNEV,UNKN,DNST,100.00
USGS,11313434,612,2018-01-29 11:11:19,PST,Yes,"TV,CH,MI",USGS,5.43,-17200,Good,,,,NONE,1,ORQ,MBOT,QADCP,VADCP,-17200,713,14300,-1.20,UNSP,UNSP,UNSP,UNSP,UNSP,UNSP,UNSP,
USGS,11313434,613,2018-01-29 11:19:44,PST,Yes,"TV,CH,MI",USGS,5.51,-18200,Good,,,,NONE,1,ORQ,MBOT,QADCP,VADCP,-18200,721,14500,-1.26,UNSP,UNSP,UNSP,UNSP,UNSP,UNSP,UNSP,
USGS,11313434,614,2018-01-29 11:28:33,PST,Yes,"TV,CH,MI",USGS,5.60,-18300,Good,,,,NONE,1,ORQ,MBOT,QADCP,VADCP,-18300,720,14400,-1.27,UNSP,UNSP,UNSP,UNSP,UNSP,UNSP,UNSP,
USGS,11313434,615,2018-01-29 11:37:11,PST,Yes,"TV,CH,MI",USGS,5.69,-17700,Good,,,,NONE,1,ORQ,MBOT,QADCP,VADCP,-17700,712,14500,-1.22,UNSP,UNSP,UNSP,UNSP,UNSP,UNSP,UNSP,
USGS,11313434,616,2018-01-29 11:45:34,PST,Yes,"TV,CH,MI",USGS,5.77,-18400,Good,,,,NONE,1,ORQ,MBOT,QADCP,VADCP,-18400,708,14400,-1.28,UNSP,UNSP,UNSP,UNSP,UNSP,UNSP,UNSP,
USGS,11313434,617,2018-04-04 09:18:17,PST,Yes,CC/CH,USGS,6.27,12600,Good,,,,NONE,1,ORQ,MBOT,QADCP,VADCP,12600,713,15000,0.84,FIRM,silt,UNEV,STDY,UNEV,NSTD,DNST,100.00
USGS,11313434,618,2018-04-04 09:24:45,PST,Yes,CC/CH,USGS,6.23,12900,Good,,,,NONE,1,ORQ,MBOT,QADCP,VADCP,12900,701,14900,0.87,UNSP,UNSP,UNSP,UNSP,UNSP,UNSP,UNSP,
USGS,11313434,619,2018-04-04 09:30:30,PST,Yes,CC/CH,USGS,6.19,13000,Good,,,,NONE,1,ORQ,MBOT,QADCP,VADCP,13000,713,14900,0.87,UNSP,UNSP,UNSP,UNSP,UNSP,UNSP,UNSP,
USGS,11313434,620,2018-04-04 09:36:06,PST,Yes,CC/CH,USGS,6.15,13400,Good,,,,NONE,1,ORQ,MBOT,QADCP,VADCP,13400,714,14800,0.90,UNSP,UNSP,UNSP,UNSP,UNSP,UNSP,UNSP,
USGS,11313434,621,2018-04-04 09:41:52,PST,Yes,CC/CH,USGS,6.10,13300,Good,,,,NONE,1,ORQ,MBOT,QADCP,VADCP,13300,711,14900,0.90,UNSP,UNSP,UNSP,UNSP,UNSP,UNSP,UNSP,
USGS,11313434,622,2018-04-04 09:47:41,PST,Yes,CC/CH,USGS,6.06,13700,Good,,,,NONE,1,ORQ,MBOT,QADCP,VADCP,13700,724,14800,0.93,UNSP,UNSP,UNSP,UNSP,UNSP,UNSP,UNSP,
USGS,11313434,623,2018-04-04 09:53:43,PST,Yes,CC/CH,USGS,6.01,13800,Good,,,,NONE,1,ORQ,MBOT,QADCP,VADCP,13800,709,14700,0.94,UNSP,UNSP,UNSP,UNSP,UNSP,UNSP,UNSP,
USGS,11313434,624,2018-04-04 09:59:30,PST,Yes,CC/CH,USGS,5.96,14400,Good,,,,NONE,1,ORQ,MBOT,QADCP,VADCP,14400,724,14700,0.97,UNSP,UNSP,UNSP,UNSP,UNSP,UNSP,UNSP,
USGS,11313434,625,2018-06-14 08:58:48,PST,Yes,MI/CH,USGS,5.73,15100,Good,,,,NONE,1,ORQ,MBOT,QADCP,VADCP,15100,690,14500,1.04,FIRM,silt,UNEV,STDY,UNEV,NSTD,DNST,100.00
USGS,11313434,626,2018-06-14 09:05:49,PST,Yes,MI/CH,USGS,5.66,15000,Good,,,,NONE,1,ORQ,MBOT,QADCP,VADCP,15000,724,14400,1.04,UNSP,UNSP,UNSP,UNSP,UNSP,UNSP,UNSP,
USGS,11313434,627,2018-06-14 09:11:05,PST,Yes,MI/CH,USGS,5.62,15500,Good,,,,NONE,1,ORQ,MBOT,QADCP,VADCP,15500,712,14600,1.06,UNSP,UNSP,UNSP,UNSP,UNSP,UNSP,UNSP,
USGS,11313434,628,2018-06-14 09:16:41,PST,Yes,MI/CH,USGS,5.55,15100,Good,,,,NONE,1,ORQ,MBOT,QADCP,VADCP,15100,712,14200,1.06,UNSP,UNSP,UNSP,UNSP,UNSP,UNSP,UNSP,
USGS,11313434,629,2018-06-14 09:22:05,PST,Yes,MI/CH,USGS,5.51,15300,Good,,,,NONE,1,ORQ,MBOT,QADCP,VADCP,15300,714,14500,1.06,UNSP,UNSP,UNSP,UNSP,UNSP,UNSP,UNSP,
USGS,11313434,630,2018-06-14 09:27:47,PST,Yes,MI/CH,USGS,5.45,15600,Good,,,,NONE,1,ORQ,MBOT,QADCP,VADCP,15600,719,14300,1.09,UNSP,UNSP,UNSP,UNSP,UNSP,UNSP,UNSP,
USGS,11313434,631,2018-08-08 08:50:42,PST,Yes,MI/AC,USGS,4.22,8950,Good,,,,NONE,1,ORQ,MBOT,QADCP,VADCP,8950,696,13500,0.66,FIRM,silt,EVEN,STDY,UNSP,UNKN,DNST,100.00
USGS,11313434,632,2018-08-08 08:55:55,PST,Yes,MI/AC,USGS,4.19,9300,Good,,,,NONE,1,002,MBOT,QADCP,VADCP,9300,705,13300,0.70,UNSP,UNSP,UNSP,UNSP,UNSP,UNSP,UNSP,
USGS,11313434,633,2018-08-08 09:01:26,PST,Yes,MI/AC,USGS,4.15,9020,Good,,,,NONE,1,003,MBOT,QADCP,VADCP,9020,701,13600,0.66,UNSP,UNSP,UNSP,UNSP,UNSP,UNSP,UNSP,
USGS,11313434,634,2018-08-08 09:07:15,PST,Yes,MI/AC,USGS,4.10,8900,Good,,,,NONE,1,004,MBOT,QADCP,VADCP,8900,698,13200,0.67,UNSP,UNSP,UNSP,UNSP,UNSP,UNSP,UNSP,
USGS,11313434,635,2018-08-08 09:13:16,PST,Yes,MI/AC,USGS,4.06,8840,Good,,,,NONE,1,005,MBOT,QADCP,VADCP,8840,700,13300,0.66,UNSP,UNSP,UNSP,UNSP,UNSP,UNSP,UNSP,
USGS,11313434,636,2018-08-08 09:19:08,PST,Yes,MI/AC,USGS,4.03,8730,Good,,,,NONE,1,006,MBOT,QADCP,VADCP,8730,705,13300,0.66,UNSP,UNSP,UNSP,UNSP,UNSP,UNSP,UNSP,
USGS,11313434,637,2018-09-28 08:54:05,PST,Yes,MI/AC/HR,USGS,6.28,6260,Good,,,,NONE,1,001,MBOT,QADCP,VADCP,6260,716,14600,0.43,FIRM,silt,EVEN,STDY,UNSP,UNKN,DNST,100.00
USGS,11313434,638,2018-09-28 09:02:47,PST,Yes,MI/AC/HR,USGS,6.22,7300,Good,,,,NONE,1,002,MBOT,QADCP,VADCP,7300,707,14600,0.50,UNSP,UNSP,UNSP,UNSP,UNSP,UNSP,UNSP,
USGS,11313434,639,2018-09-28 09:10:20,PST,Yes,MI/AC/HR,USGS,6.17,7860,Good,,,,NONE,1,003,MBOT,QADCP,VADCP,7860,701,14800,0.53,UNSP,UNSP,UNSP,UNSP,UNSP,UNSP,UNSP,
USGS,11313434,640,2018-09-28 09:20:45,PST,Yes,MI/AC/HR,USGS,6.09,8570,Good,,,,NONE,1,004,MBOT,QADCP,VADCP,8570,708,14800,0.58,UNSP,UNSP,UNSP,UNSP,UNSP,UNSP,UNSP,
USGS,11313434,641,2018-09-28 09:29:36,PST,Yes,MI/AC/HR,USGS,6.04,9010,Good,,,,NONE,1,005,MBOT,QADCP,VADCP,9010,712,14700,0.61,UNSP,UNSP,UNSP,UNSP,UNSP,UNSP,UNSP,
USGS,11313434,642,2018-09-28 09:40:05,PST,Yes,MI/AC/HR,USGS,5.95,9350,Good,,,,NONE,1,006,MBOT,QADCP,VADCP,9350,701,14600,0.64,UNSP,UNSP,UNSP,UNSP,UNSP,UNSP,UNSP,
USGS,11313434,643,2018-10-23 15:49:57,PST,Yes,RJ/AC,USGS,6.82,-11700,Fair,,,,NONE,1,ORQ,MBOT,QADCP,VADCP,-11700,710,15300,-0.77,FIRM,silt,EVEN,STDY,EVEN,UNKN,DNST,100.00
USGS,11313434,644,2018-10-23 15:56:06,PST,Yes,RJ/AC,USGS,6.84,-11200,Fair,,,,NONE,1,002,MBOT,QADCP,VADCP,-11200,707,15300,-0.73,UNSP,UNSP,UNSP,UNSP,UNSP,UNSP,UNSP,
USGS,11313434,645,2018-10-23 16:02:41,PST,Yes,RJ/AC,USGS,6.86,-10500,Fair,,,,NONE,1,003,MBOT,QADCP,VADCP,-10500,724,15600,-0.67,UNSP,UNSP,UNSP,UNSP,UNSP,UNSP,UNSP,
USGS,11313434,646,2018-10-23 16:09:05,PST,Yes,RJ/AC,USGS,6.87,-10100,Fair,,,,NONE,1,004,MBOT,QADCP,VADCP,-10100,708,15200,-0.67,UNSP,UNSP,UNSP,UNSP,UNSP,UNSP,UNSP,
USGS,11313434,647,2018-10-23 16:14:54,PST,Yes,RJ/AC,USGS,6.88,-9150,Fair,,,,NONE,1,005,MBOT,QADCP,VADCP,-9150,715,15400,-0.59,UNSP,UNSP,UNSP,UNSP,UNSP,UNSP,UNSP,
USGS,11313434,648,2018-10-23 16:20:26,PST,Yes,RJ/AC,USGS,6.89,-8160,Fair,,,,NONE,1,006,MBOT,QADCP,VADCP,-8160,714,15500,-0.53,UNSP,UNSP,UNSP,UNSP,UNSP,UNSP,UNSP,
USGS,11313434,649,2018-11-27 10:08:36,PST,Yes,"CH, MI",USGS,6.32,-4570,Fair,,,Clear,NONE,1,ORQ,MBOT,QADCP,VADCP,-4570,708,14600,-0.31,FIRM,silt,UNEV,STDY,UNSP,UNKN,DNST,100.00
USGS,11313434,650,2018-11-27 10:16:50,PST,Yes,"CH, MI",USGS,6.30,-3490,Fair,,,Clear,NONE,1,ORQ,MBOT,QADCP,VADCP,-3490,687,14400,-0.24,UNSP,UNSP,UNSP,UNSP,UNSP,UNSP,UNSP,
USGS,11313434,651,2018-11-27 10:28:34,PST,Yes,"CH, MI",USGS,6.26,-1380,Fair,,,Clear,NONE,1,ORQ,MBOT,QADCP,VADCP,-1380,713,14500,-0.10,UNSP,UNSP,UNSP,UNSP,UNSP,UNSP,UNSP,
USGS,11313434,652,2018-11-27 10:42:17,PST,Yes,"CH, MI",USGS,6.20,1290,Fair,,,Clear,NONE,1,ORQ,MBOT,QADCP,VADCP,1290,718,14800,0.09,UNSP,UNSP,UNSP,UNSP,UNSP,UNSP,UNSP,
USGS,11313434,653,2018-11-27 10:53:46,PST,Yes,"CH, MI",USGS,6.15,3490,Fair,,,Clear,NONE,1,ORQ,MBOT,QADCP,VADCP,3490,723,15500,0.23,UNSP,UNSP,UNSP,UNSP,UNSP,UNSP,UNSP,
USGS,11313434,654,2018-11-27 11:04:22,PST,Yes,"CH, MI",USGS,6.09,4430,Fair,,,Clear,NONE,1,ORQ,MBOT,QADCP,VADCP,4430,705,14400,0.31,UNSP,UNSP,UNSP,UNSP,UNSP,UNSP,UNSP,
USGS,11313434,655,2019-01-30 12:36:25,PST,Yes,"MI, CH",USGS,7.38,-12900,Good,,,,NONE,1,ORQ,MBOT,QADCP,VADCP,-12900,737,15800,-0.82,FIRM,silt,UNEV,PULS,UNSP,NSTD,DNST,100.00
USGS,11313434,656,2019-01-30 12:43:02,PST,Yes,"MI, CH",USGS,7.41,-11500,Good,,,,NONE,1,ORQ,MBOT,QADCP,VADCP,-11500,737,16000,-0.72,UNSP,UNSP,UNSP,UNSP,UNSP,UNSP,UNSP,
USGS,11313434,657,2019-01-30 12:49:43,PST,Yes,"MI, CH",USGS,7.43,-11000,Good,,,,NONE,1,ORQ,MBOT,QADCP,VADCP,-11000,736,15800,-0.69,UNSP,UNSP,UNSP,UNSP,UNSP,UNSP,UNSP,
USGS,11313434,658,2019-01-30 12:56:29,PST,Yes,"MI, CH",USGS,7.45,-10500,Good,,,,NONE,1,ORQ,MBOT,QADCP,VADCP,-10500,732,15900,-0.66,UNSP,UNSP,UNSP,UNSP,UNSP,UNSP,UNSP,
USGS,11313434,659,2019-01-30 13:03:31,PST,Yes,"MI, CH",USGS,7.46,-10800,Good,,,,NONE,1,ORQ,MBOT,QADCP,VADCP,-10800,731,15800,-0.69,UNSP,UNSP,UNSP,UNSP,UNSP,UNSP,UNSP,
USGS,11313434,660,2019-01-30 13:09:53,PST,Yes,"MI, CH",USGS,7.47,-9590,Good,,,,NONE,1,ORQ,MBOT,QADCP,VADCP,-9590,730,15800,-0.60,UNSP,UNSP,UNSP,UNSP,UNSP,UNSP,UNSP,
USGS,11313434,661,2019-04-17 08:48:22,PST,Yes,MI/ZH,USGS,5.08,14100,Unspecified,,,,NONE,1,ORQ,MBOT,QADCP,VADCP,14100,761,15700,0.90,FIRM,silt,EVEN,STDY,UNSP,UNKN,DNST,100.00
USGS,11313434,662,2019-04-17 08:57:06,PST,Yes,MI/ZH,USGS,5.02,14200,Unspecified,,,,NONE,1,ORQ,MBOT,QADCP,VADCP,14200,738,14400,0.99,UNSP,UNSP,UNSP,UNSP,UNSP,UNSP,UNSP,
USGS,11313434,663,2019-04-17 09:07:08,PST,Yes,MI/ZH,USGS,4.95,13500,Unspecified,,,,NONE,1,ORQ,MBOT,QADCP,VADCP,13500,716,14200,0.95,UNSP,UNSP,UNSP,UNSP,UNSP,UNSP,UNSP,
USGS,11313434,664,2019-04-17 09:17:39,PST,Yes,MI/ZH,USGS,,13800,Unspecified,4.89,,,NONE,1,ORQ,MBOT,QADCP,VADCP,13800,724,14100,0.98,UNSP,UNSP,UNSP,UNSP,UNSP,UNSP,UNSP,
USGS,11313434,665,2019-04-17 09:27:51,PST,Yes,MI/ZH,USGS,4.83,12700,Unspecified,,,,NONE,1,ORQ,MBOT,QADCP,VADCP,12700,726,14400,0.88,UNSP,UNSP,UNSP,UNSP,UNSP,UNSP,UNSP,
USGS,11313434,666,2019-04-17 09:38:09,PST,Yes,MI/ZH,USGS,,12500,Unspecified,4.78,,,NONE,1,ORQ,MBOT,QADCP,VADCP,12500,721,14300,0.88,UNSP,UNSP,UNSP,UNSP,UNSP,UNSP,UNSP,
USGS,11313434,667,2019-06-04 10:29:07,PST,Yes,"ZH,AC",USGS,5.44,14400,Good,,,,NONE,1,ORQ,MBOT,QADCP,VADCP,14400,716,14900,0.96,FIRM,silt,EVEN,STDY,UNEV,UNFM,DNST,100.00
USGS,11313434,668,2019-06-04 10:34:28,PST,Yes,"ZH,AC",USGS,5.39,14300,Unspecified,,,,NONE,1,ORQ,MBOT,QADCP,VADCP,14300,715,14400,1.00,UNSP,UNSP,UNSP,UNSP,UNSP,UNSP,UNSP,
USGS,11313434,669,2019-06-04 10:40:01,PST,Yes,"ZH,AC",USGS,5.34,14200,Unspecified,,,,NONE,1,ORQ,MBOT,QADCP,VADCP,14200,714,14700,0.97,UNSP,UNSP,UNSP,UNSP,UNSP,UNSP,UNSP,
USGS,11313434,670,2019-06-04 10:47:28,PST,Yes,"ZH,AC",USGS,5.28,14300,Unspecified,,,,NONE,1,ORQ,MBOT,QADCP,VADCP,14300,714,14200,1.01,UNSP,UNSP,UNSP,UNSP,UNSP,UNSP,UNSP,
USGS,11313434,671,2019-06-04 10:54:44,PST,Yes,"ZH,AC",USGS,5.22,14500,Unspecified,,,,NONE,1,ORQ,MBOT,QADCP,VADCP,14500,723,14800,0.98,UNSP,UNSP,UNSP,UNSP,UNSP,UNSP,UNSP,
USGS,11313434,672,2019-06-04 11:03:32,PST,Yes,"ZH,AC",USGS,5.15,14500,Unspecified,,,,NONE,1,ORQ,MBOT,QADCP,VADCP,14500,720,14100,1.03,UNSP,UNSP,UNSP,UNSP,UNSP,UNSP,UNSP,
USGS,11313434,673,2019-08-01 11:41:52,PST,Yes,"ZH,AC",USGS,4.23,9770,Unspecified,,,,NONE,1,ORQ,MBOT,QADCP,VADCP,9770,693,13600,0.72,FIRM,silt,EVEN,STDY,UNSP,UNFM,DNST,100.00
USGS,11313434,674,2019-08-01 11:48:46,PST,Yes,"ZH,AC",USGS,4.18,9690,Unspecified,,,,NONE,1,ORQ,MBOT,QADCP,VADCP,9690,688,13400,0.72,UNSP,UNSP,UNSP,UNSP,UNSP,UNSP,UNSP,
USGS,11313434,675,2019-08-01 11:55:43,PST,Yes,"ZH,AC",USGS,4.13,9320,Unspecified,,,,NONE,1,ORQ,MBOT,QADCP,VADCP,9320,701,13600,0.68,UNSP,UNSP,UNSP,UNSP,UNSP,UNSP,UNSP,
USGS,11313434,676,2019-08-01 12:02:08,PST,Yes,"ZH,AC",USGS,4.09,9180,Unspecified,,,,NONE,1,ORQ,MBOT,QADCP,VADCP,9180,694,13400,0.68,UNSP,UNSP,UNSP,UNSP,UNSP,UNSP,UNSP,
USGS,11313434,677,2019-08-01 12:08:25,PST,Yes,"ZH,AC",USGS,4.05,8750,Unspecified,,,,NONE,1,ORQ,MBOT,QADCP,VADCP,8750,711,13700,0.64,UNSP,UNSP,UNSP,UNSP,UNSP,UNSP,UNSP,
USGS,11313434,678,2019-08-01 12:16:03,PST,Yes,"ZH,AC",USGS,4.00,8440,Unspecified,,,,NONE,1,ORQ,MBOT,QADCP,VADCP,8440,710,13400,0.63,UNSP,UNSP,UNSP,UNSP,UNSP,UNSP,UNSP,
USGS,11313434,679,2019-10-01 11:00:32,PST,Yes,MI/ZH,USGS,4.81,8980,Poor,,,,NONE,1,ORQ,MBOT,QADCP,VADCP,8980,707,14200,0.63,FIRM,silt,EVEN,STDY,UNSP,UNKN,DNST,100.00
USGS,11313434,680,2019-10-01 11:06:55,PST,Yes,MI/ZH,USGS,4.76,8970,Poor,,,,NONE,1,ORQ,MBOT,QADCP,VADCP,8970,723,14300,0.63,UNSP,UNSP,UNSP,UNSP,UNSP,UNSP,UNSP,
USGS,11313434,681,2019-10-01 11:13:14,PST,Yes,MI/ZH,USGS,4.72,8780,Poor,,,,NONE,1,ORQ,MBOT,QADCP,VADCP,8780,718,14300,0.61,UNSP,UNSP,UNSP,UNSP,UNSP,UNSP,UNSP,
USGS,11313434,682,2019-10-01 11:19:06,PST,Yes,MI/ZH,USGS,4.67,8690,Poor,,,,NONE,1,ORQ,MBOT,QADCP,VADCP,8690,734,14500,0.60,UNSP,UNSP,UNSP,UNSP,UNSP,UNSP,UNSP,
USGS,11313434,683,2019-10-01 11:34:18,PST,Yes,MI/ZH,USGS,4.56,8170,Poor,,,,NONE,1,ORQ,MBOT,QADCP,VADCP,8170,723,14300,0.57,UNSP,UNSP,UNSP,UNSP,UNSP,UNSP,UNSP,
USGS,11313434,684,2019-10-01 11:40:46,PST,Yes,MI/ZH,USGS,4.51,8020,Poor,,,,NONE,1,ORQ,MBOT,QADCP,VADCP,8020,722,14200,0.57,UNSP,UNSP,UNSP,UNSP,UNSP,UNSP,UNSP,
USGS,11313434,685,2019-11-26 11:07:41,PST,Yes,MI/ZH,USGS,4.49,-5730,Poor,,,,NONE,1,ORQ,MBOT,QADCP,VADCP,-5730,699,13700,-0.42,FIRM,silt,EVEN,STDY,UNSP,UNFM,DNST,100.00
USGS,11313434,686,2019-11-26 11:13:12,PST,Yes,MI/ZH,USGS,4.54,-7080,Poor,,,,NONE,1,ORQ,MBOT,QADCP,VADCP,-7080,701,13700,-0.52,UNSP,UNSP,UNSP,UNSP,UNSP,UNSP,UNSP,
USGS,11313434,687,2019-11-26 11:19:22,PST,Yes,MI/ZH,USGS,4.60,-8250,Poor,,,,NONE,1,ORQ,MBOT,QADCP,VADCP,-8250,701,13600,-0.61,UNSP,UNSP,UNSP,UNSP,UNSP,UNSP,UNSP,
USGS,11313434,688,2019-11-26 11:25:44,PST,Yes,MI/ZH,USGS,4.67,-9720,Poor,,,,NONE,1,ORQ,MBOT,QADCP,VADCP,-9720,702,13800,-0.70,UNSP,UNSP,UNSP,UNSP,UNSP,UNSP,UNSP,
USGS,11313434,689,2019-11-26 11:32:10,PST,Yes,MI/ZH,USGS,4.73,-11000,Poor,,,,NONE,1,ORQ,MBOT,QADCP,VADCP,-11000,699,13600,-0.81,UNSP,UNSP,UNSP,UNSP,UNSP,UNSP,UNSP,
USGS,11313434,690,2019-11-26 11:39:00,PST,Yes,MI/ZH,USGS,4.80,-12200,Poor,,,,NONE,1,ORQ,MBOT,QADCP,VADCP,-12200,691,13700,-0.89,UNSP,UNSP,UNSP,UNSP,UNSP,UNSP,UNSP,
USGS,11313434,691,2020-01-08 11:35:50,PST,Yes,"ZH,HR",USGS,5.89,-15800,Poor,,,,NONE,1,ORQ,MBOT,QADCP,VADCP,-15800,678,14200,-1.11,FIRM,silt,EVEN,STDY,UNSP,UNFM,DNST,100.00
USGS,11313434,692,2020-01-08 11:44:12,PST,Yes,"ZH,HR",USGS,5.97,-16100,Poor,,,,NONE,1,ORQ,MBOT,QADCP,VADCP,-16100,705,14500,-1.10,UNSP,UNSP,UNSP,UNSP,UNSP,UNSP,UNSP,
USGS,11313434,693,2020-01-08 11:53:00,PST,Yes,"ZH,HR",USGS,6.05,-16800,Poor,,,,NONE,1,ORQ,MBOT,QADCP,VADCP,-16800,727,14500,-1.16,UNSP,UNSP,UNSP,UNSP,UNSP,UNSP,UNSP,
USGS,11313434,694,2020-01-08 12:02:40,PST,Yes,"ZH,HR",USGS,6.14,-17300,Poor,,,,NONE,1,ORQ,MBOT,QADCP,VADCP,-17300,701,14500,-1.19,UNSP,UNSP,UNSP,UNSP,UNSP,UNSP,UNSP,
USGS,11313434,695,2020-01-08 12:11:59,PST,Yes,"ZH,HR",USGS,6.23,-16500,Poor,,,,NONE,1,ORQ,MBOT,QADCP,VADCP,-16500,704,14500,-1.14,UNSP,UNSP,UNSP,UNSP,UNSP,UNSP,UNSP,
USGS,11313434,696,2020-01-08 12:21:00,PST,Yes,"ZH,HR",USGS,6.31,-15800,Poor,,,,NONE,1,ORQ,MBOT,QADCP,VADCP,-15800,710,14900,-1.07,UNSP,UNSP,UNSP,UNSP,UNSP,UNSP,UNSP,
USGS,11313434,697,2020-01-21 09:23:04,PST,Yes,"ZH,MI",USGS,5.22,-10200,Poor,,,,NONE,1,ORQ,MBOT,QADCP,VADCP,-10200,697,13900,-0.74,FIRM,silt,EVEN,STDY,UNSP,UNFM,DNST,100.00
USGS,11313434,698,2020-01-21 09:30:05,PST,Yes,"ZH,MI",USGS,5.27,-11200,Poor,,,,NONE,1,ORQ,MBOT,QADCP,VADCP,-11200,710,14100,-0.79,UNSP,UNSP,UNSP,UNSP,UNSP,UNSP,UNSP,
USGS,11313434,699,2020-01-21 09:37:27,PST,Yes,"ZH,MI",USGS,5.34,-12400,Poor,,,,NONE,1,ORQ,MBOT,QADCP,VADCP,-12400,709,14100,-0.88,UNSP,UNSP,UNSP,UNSP,UNSP,UNSP,UNSP,
USGS,11313434,700,2020-01-21 09:44:34,PST,Yes,"ZH,MI",USGS,5.40,-12700,Poor,,,,NONE,1,ORQ,MBOT,QADCP,VADCP,-12700,710,14500,-0.88,UNSP,UNSP,UNSP,UNSP,UNSP,UNSP,UNSP,
USGS,11313434,701,2020-01-21 09:51:37,PST,Yes,"ZH,MI",USGS,5.46,-13000,Poor,,,,NONE,1,ORQ,MBOT,QADCP,VADCP,-13000,703,14100,-0.92,UNSP,UNSP,UNSP,UNSP,UNSP,UNSP,UNSP,
USGS,11313434,702,2020-01-21 09:58:22,PST,Yes,"ZH,MI",USGS,5.51,-13100,Poor,,,,NONE,1,ORQ,MBOT,QADCP,VADCP,-13100,707,14300,-0.91,UNSP,UNSP,UNSP,UNSP,UNSP,UNSP,UNSP,
USGS,11313434,703,2020-01-21 13:55:56,PST,Yes,"ZH,MI",USGS,7.36,-13200,Poor,,,,NONE,1,ORQ,MBOT,QADCP,VADCP,-13200,720,15500,-0.85,FIRM,silt,EVEN,STDY,UNSP,STND,DNST,100.00
USGS,11313434,704,2020-01-21 14:02:04,PST,Yes,"ZH,MI",USGS,7.37,-13000,Poor,,,,NONE,1,ORQ,MBOT,QADCP,VADCP,-13000,715,15700,-0.83,UNSP,UNSP,UNSP,UNSP,UNSP,UNSP,UNSP,
USGS,11313434,705,2020-01-21 14:08:18,PST,Yes,"ZH,MI",USGS,7.38,-11800,Poor,,,,NONE,1,ORQ,MBOT,QADCP,VADCP,-11800,706,15500,-0.76,UNSP,UNSP,UNSP,UNSP,UNSP,UNSP,UNSP,
USGS,11313434,706,2020-01-21 14:15:07,PST,Yes,"ZH,MI",USGS,7.38,-10500,Poor,,,,NONE,1,ORQ,MBOT,QADCP,VADCP,-10500,712,15700,-0.67,UNSP,UNSP,UNSP,UNSP,UNSP,UNSP,UNSP,
USGS,11313434,707,2020-01-21 14:24:21,PST,Yes,"ZH,MI",USGS,7.38,-9460,Poor,,,,NONE,1,ORQ,MBOT,QADCP,VADCP,-9460,716,15600,-0.61,UNSP,UNSP,UNSP,UNSP,UNSP,UNSP,UNSP,
USGS,11313434,708,2020-01-21 14:30:47,PST,Yes,"ZH,MI",USGS,7.37,-8080,Poor,,,,NONE,1,ORQ,MBOT,QADCP,VADCP,-8080,709,15600,-0.52,UNSP,UNSP,UNSP,UNSP,UNSP,UNSP,UNSP,
USGS,11313434,709,2020-01-21 15:44:39,PST,Yes,"ZH,MI",USGS,6.97,8500,Poor,,,,NONE,1,ORQ,MBOT,QADCP,VADCP,8500,699,15400,0.55,FIRM,silt,EVEN,STDY,UNSP,UNFM,DNST,100.00
USGS,11313434,710,2020-01-21 15:51:09,PST,Yes,"ZH,MI",USGS,6.92,9700,Poor,,,,NONE,1,ORQ,MBOT,QADCP,VADCP,9700,709,15500,0.63,UNSP,UNSP,UNSP,UNSP,UNSP,UNSP,UNSP,
USGS,11313434,711,2020-01-21 15:57:22,PST,Yes,"ZH,MI",USGS,6.88,10800,Poor,,,,NONE,1,ORQ,MBOT,QADCP,VADCP,10800,706,15400,0.70,UNSP,UNSP,UNSP,UNSP,UNSP,UNSP,UNSP,
USGS,11313434,712,2020-01-21 16:03:54,PST,Yes,"ZH,MI",USGS,6.83,11500,Poor,,,,NONE,1,ORQ,MBOT,QADCP,VADCP,11500,712,15300,0.75,UNSP,UNSP,UNSP,UNSP,UNSP,UNSP,UNSP,
USGS,11313434,713,2020-01-21 16:10:45,PST,Yes,"ZH,MI",USGS,6.78,12000,Poor,,,,NONE,1,ORQ,MBOT,QADCP,VADCP,12000,708,15500,0.77,UNSP,UNSP,UNSP,UNSP,UNSP,UNSP,UNSP,
USGS,11313434,714,2020-01-21 16:17:18,PST,Yes,"ZH,MI",USGS,6.73,12600,Poor,,,,NONE,1,ORQ,MBOT,QADCP,VADCP,12600,707,15300,0.82,UNSP,UNSP,UNSP,UNSP,UNSP,UNSP,UNSP,
USGS,11313434,715,2020-02-18 12:12:13,PST,Yes,"ZH,CH",USGS,6.87,-13100,Poor,,,,NONE,1,ORQ,MBOT,QADCP,VADCP,-13100,768,16400,-0.80,FIRM,silt,EVEN,STDY,UNSP,STND,DNST,100.00
USGS,11313434,716,2020-02-18 12:19:23,PST,Yes,"ZH,CH",USGS,6.90,-12500,Poor,,,,NONE,1,ORQ,MBOT,QADCP,VADCP,-12500,737,16100,-0.78,UNSP,UNSP,UNSP,UNSP,UNSP,UNSP,UNSP,
USGS,11313434,717,2020-02-18 12:26:57,PST,Yes,"ZH,CH",USGS,6.92,-12500,Poor,,,,NONE,1,ORQ,MBOT,QADCP,VADCP,-12500,733,16000,-0.78,UNSP,UNSP,UNSP,UNSP,UNSP,UNSP,UNSP,
USGS,11313434,718,2020-02-18 12:34:38,PST,Yes,"ZH,CH",USGS,6.95,-13200,Poor,,,,NONE,1,ORQ,MBOT,QADCP,VADCP,-13200,733,16000,-0.83,UNSP,UNSP,UNSP,UNSP,UNSP,UNSP,UNSP,
USGS,11313434,719,2020-02-18 12:44:01,PST,Yes,"ZH,CH",USGS,6.97,-11300,Poor,,,,NONE,1,ORQ,MBOT,QADCP,VADCP,-11300,729,15600,-0.72,UNSP,UNSP,UNSP,UNSP,UNSP,UNSP,UNSP,
USGS,11313434,720,2020-02-18 12:53:46,PST,Yes,"ZH,CH",USGS,6.98,-9380,Poor,,,,NONE,1,ORQ,MBOT,QADCP,VADCP,-9380,733,16200,-0.58,UNSP,UNSP,UNSP,UNSP,UNSP,UNSP,UNSP,
USGS,11313434,721,2020-06-30 12:31:29,PST,Yes,"AC, ZH",USGS,5.73,-12000,Poor,,,,NONE,1,ORQ,MBOT,QADCP,VADCP,-12000,689,14200,-0.84,UNSP,UNSP,UNSP,UNSP,UNSP,UNSP,DNST,100.00
USGS,11313434,722,2020-06-30 12:37:34,PST,Yes,"AC, ZH",USGS,5.77,-10500,Poor,,,,NONE,1,ORQ,MBOT,QADCP,VADCP,-10500,682,14100,-0.75,UNSP,UNSP,UNSP,UNSP,UNSP,UNSP,UNSP,
USGS,11313434,723,2020-06-30 12:43:31,PST,Yes,"AC, ZH",USGS,5.80,-11300,Poor,,,,NONE,1,ORQ,MBOT,QADCP,VADCP,-11300,688,14200,-0.79,UNSP,UNSP,UNSP,UNSP,UNSP,UNSP,UNSP,
USGS,11313434,724,2020-06-30 12:49:35,PST,Yes,"AC, ZH",USGS,5.83,-10100,Poor,,,,NONE,1,ORQ,MBOT,QADCP,VADCP,-10100,678,14200,-0.71,UNSP,UNSP,UNSP,UNSP,UNSP,UNSP,UNSP,
USGS,11313434,725,2020-06-30 12:55:41,PST,Yes,"AC, ZH",USGS,5.85,-10700,Poor,,,,NONE,1,ORQ,MBOT,QADCP,VADCP,-10700,690,14200,-0.75,UNSP,UNSP,UNSP,UNSP,UNSP,UNSP,UNSP,
USGS,11313434,726,2020-06-30 13:01:32,PST,Yes,"AC, ZH",USGS,5.88,-8900,Poor,,,,NONE,1,ORQ,MBOT,QADCP,VADCP,-8900,678,14300,-0.62,UNSP,UNSP,UNSP,UNSP,UNSP,UNSP,UNSP,
USGS,11313434,727,2020-09-02 11:46:19,PST,Yes,"AC, ZH",USGS,4.44,8340,Poor,,,,NONE,1,ORQ,MBOT,QADCP,VADCP,8340,675,13200,0.63,FIRM,silt,EVEN,STDY,UNSP,UNKN,DNST,100.00
USGS,11313434,728,2020-09-02 11:52:18,PST,Yes,"AC, ZH",USGS,4.40,8340,Poor,,,,NONE,1,ORQ,MBOT,QADCP,VADCP,8340,689,13200,0.63,UNSP,UNSP,UNSP,UNSP,UNSP,UNSP,UNSP,
USGS,11313434,729,2020-09-02 11:57:26,PST,Yes,"AC, ZH",USGS,4.38,7640,Poor,,,,NONE,1,ORQ,MBOT,QADCP,VADCP,7640,678,13000,0.59,UNSP,UNSP,UNSP,UNSP,UNSP,UNSP,UNSP,
USGS,11313434,730,2020-09-02 12:03:39,PST,Yes,"AC, ZH",USGS,4.35,7540,Poor,,,,NONE,1,ORQ,MBOT,QADCP,VADCP,7540,689,13200,0.57,UNSP,UNSP,UNSP,UNSP,UNSP,UNSP,UNSP,
USGS,11313434,731,2020-09-02 12:09:38,PST,Yes,"AC, ZH",USGS,4.32,6960,Poor,,,,NONE,1,ORQ,MBOT,QADCP,VADCP,6960,689,13300,0.52,UNSP,UNSP,UNSP,UNSP,UNSP,UNSP,UNSP,
USGS,11313434,732,2020-09-02 12:15:19,PST,Yes,"AC, ZH",USGS,4.31,6890,Poor,,,,NONE,1,ORQ,MBOT,QADCP,VADCP,6890,682,13200,0.52,UNSP,UNSP,UNSP,UNSP,UNSP,UNSP,UNSP,
USGS,11313434,733,2020-12-17 14:02:19,PST,Yes,HR/ NWS,USGS,5.63,-11500,Poor,,,,NONE,1,01,MBOT,QADCP,VADCP,-11500,714,14000,-0.82,FIRM,silt,EVEN,STDY,EVEN,UNKN,DNST,100.00
USGS,11313434,734,2020-12-17 14:11:21,PST,Yes,HR/ NWS,USGS,5.69,-12400,Poor,,,,NONE,1,02,MBOT,QADCP,VADCP,-12400,721,14600,-0.85,UNSP,UNSP,UNSP,UNSP,UNSP,UNSP,UNSP,
USGS,11313434,735,2020-12-17 14:20:00,PST,Yes,HR/ NWS,USGS,5.75,-13700,Poor,,,,NONE,1,03,MBOT,QADCP,VADCP,-13700,714,14700,-0.93,UNSP,UNSP,UNSP,UNSP,UNSP,UNSP,UNSP,
USGS,11313434,736,2020-12-17 14:28:04,PST,Yes,HR/ NWS,USGS,5.83,-13900,Poor,,,,NONE,1,04,MBOT,QADCP,VADCP,-13900,711,14700,-0.95,UNSP,UNSP,UNSP,UNSP,UNSP,UNSP,UNSP,
USGS,11313434,737,2020-12-17 14:35:31,PST,Yes,HR/ NWS,USGS,5.89,-14500,Poor,,,,NONE,1,05,MBOT,QADCP,VADCP,-14500,714,14700,-0.99,UNSP,UNSP,UNSP,UNSP,UNSP,UNSP,UNSP,
USGS,11313434,738,2020-12-17 14:43:50,PST,Yes,HR/ NWS,USGS,5.96,-14500,Poor,,,,NONE,1,06,MBOT,QADCP,VADCP,-14500,705,14700,-0.99,UNSP,UNSP,UNSP,UNSP,UNSP,UNSP,UNSP,
USGS,11313434,739,2021-02-23 14:02:32,PST,Yes,"NSOEDER, HRA",USGS,6.77,-5760,Poor,,,,NONE,1,01,MBOT,QADCP,VADCP,-5760,725,15500,-0.37,FIRM,silt,EVEN,STDY,EVEN,UNKN,DNST,100.00
USGS,11313434,740,2021-02-23 14:10:14,PST,Yes,"NSOEDER, HRA",USGS,6.74,-4290,Poor,,,,NONE,1,02,MBOT,QADCP,VADCP,-4290,702,15200,-0.28,UNSP,UNSP,UNSP,UNSP,UNSP,UNSP,UNSP,
USGS,11313434,741,2021-02-23 14:18:12,PST,Yes,"NSOEDER, HRA",USGS,6.71,-2520,Poor,,,,NONE,1,03,MBOT,QADCP,VADCP,-2520,717,15100,-0.17,UNSP,UNSP,UNSP,UNSP,UNSP,UNSP,UNSP,
USGS,11313434,742,2021-02-23 14:26:35,PST,Yes,"NSOEDER, HRA",USGS,6.67,-783,Poor,,,,NONE,1,04,MBOT,QADCP,VADCP,-783,718,15300,-0.05,UNSP,UNSP,UNSP,UNSP,UNSP,UNSP,UNSP,
USGS,11313434,743,2021-02-23 14:34:38,PST,Yes,"NSOEDER, HRA",USGS,6.62,1280,Poor,,,,NONE,1,05,MBOT,QADCP,VADCP,1280,721,15900,0.08,UNSP,UNSP,UNSP,UNSP,UNSP,UNSP,UNSP,
USGS,11313434,744,2021-02-23 14:43:15,PST,Yes,"NSOEDER, HRA",USGS,6.56,3250,Poor,,,,NONE,1,06,MBOT,QADCP,VADCP,3250,730,15800,0.21,UNSP,UNSP,UNSP,UNSP,UNSP,UNSP,UNSP,
USGS,11313434,745,2021-05-11 13:08:43,PST,Yes,"HRABAS, NSOE",USGS,3.96,-4600,Poor,,,,NONE,1,01,MBOT,QADCP,VADCP,-4600,695,13100,-0.35,FIRM,silt,EVEN,STDY,EVEN,UNKN,DNST,25.00
USGS,11313434,746,2021-05-11 13:15:45,PST,Yes,"HRABAS, NSOE",USGS,4.02,-6920,Poor,,,,NONE,1,02,MBOT,QADCP,VADCP,-6920,699,13300,-0.52,UNSP,UNSP,UNSP,UNSP,UNSP,UNSP,UNSP,
USGS,11313434,747,2021-05-11 13:23:16,PST,Yes,"HRABAS, NSOE",USGS,4.09,-8050,Poor,,,,NONE,1,03,MBOT,QADCP,VADCP,-8050,709,13400,-0.60,UNSP,UNSP,UNSP,UNSP,UNSP,UNSP,UNSP,
USGS,11313434,748,2021-05-11 13:31:02,PST,Yes,"HRABAS, NSOE",USGS,4.16,-9610,Poor,,,,NONE,1,04,MBOT,QADCP,VADCP,-9610,696,13300,-0.72,UNSP,UNSP,UNSP,UNSP,UNSP,UNSP,UNSP,
USGS,11313434,749,2021-05-11 13:38:51,PST,Yes,"HRABAS, NSOE",USGS,4.23,-10800,Poor,,,,NONE,1,05,MBOT,QADCP,VADCP,-10800,702,13500,-0.80,UNSP,UNSP,UNSP,UNSP,UNSP,UNSP,UNSP,
USGS,11313434,750,2021-05-11 13:46:16,PST,Yes,"HRABAS, NSOE",USGS,4.30,-11300,Poor,,,,NONE,1,06,MBOT,QADCP,VADCP,-11300,693,13500,-0.84,UNSP,UNSP,UNSP,UNSP,UNSP,UNSP,UNSP,
USGS,11313434,751,2021-07-14 12:29:17,PST,Yes,HRABAS/NSOED,USGS,5.31,7800,Poor,,,,NONE,1,01,MBOT,QADCP,VADCP,7800,704,14300,0.55,FIRM,silt,UNEV,STDY,UNSP,UNKN,DNST,100.00
USGS,11313434,752,2021-07-14 12:38:40,PST,Yes,HRABAS/NSOED,USGS,5.24,7700,Poor,,,,NONE,1,02,MBOT,QADCP,VADCP,7700,704,14000,0.55,UNSP,UNSP,UNSP,UNSP,UNSP,UNSP,UNSP,
USGS,11313434,753,2021-07-14 12:48:43,PST,Yes,HRABAS/NSOED,USGS,5.16,7490,Poor,,,,NONE,1,03,MBOT,QADCP,VADCP,7490,725,14400,0.52,UNSP,UNSP,UNSP,UNSP,UNSP,UNSP,UNSP,
USGS,11313434,754,2021-07-14 12:59:15,PST,Yes,HRABAS/NSOED,USGS,5.08,7390,Poor,,,,NONE,1,04,MBOT,QADCP,VADCP,7390,715,14000,0.53,UNSP,UNSP,UNSP,UNSP,UNSP,UNSP,UNSP,
USGS,11313434,755,2021-07-14 13:09:53,PST,Yes,HRABAS/NSOED,USGS,5.00,7260,Poor,,,,NONE,1,05,MBOT,QADCP,VADCP,7260,724,14400,0.50,UNSP,UNSP,UNSP,UNSP,UNSP,UNSP,UNSP,
USGS,11313434,756,2021-07-14 13:18:54,PST,Yes,HRABAS/NSOED,USGS,4.93,6720,Poor,,,,NONE,1,06,MBOT,QADCP,VADCP,6720,702,13700,0.49,UNSP,UNSP,UNSP,UNSP,UNSP,UNSP,UNSP,
USGS,11313434,757,2021-09-08 12:29:11,PST,Yes,"HRABAS, NSOE",USGS,4.19,5200,Poor,,,,NONE,1,01,MBOT,QADCP,VADCP,5200,709,13600,0.38,FIRM,silt,EVEN,STDY,EVEN,UNKN,DNST,180.00
USGS,11313434,758,2021-09-08 12:36:26,PST,Yes,"HRABAS, NSOE",USGS,4.16,4660,Poor,,,,NONE,1,02,MBOT,QADCP,VADCP,4660,705,13200,0.35,UNSP,UNSP,UNSP,UNSP,UNSP,UNSP,UNSP,
USGS,11313434,759,2021-09-08 12:43:35,PST,Yes,"HRABAS, NSOE",USGS,4.14,4290,Poor,,,,NONE,1,03,MBOT,QADCP,VADCP,4290,709,13500,0.32,UNSP,UNSP,UNSP,UNSP,UNSP,UNSP,UNSP,
USGS,11313434,760,2021-09-08 12:51:02,PST,Yes,"HRABAS, NSOE",USGS,4.13,3530,Poor,,,,NONE,1,04,MBOT,QADCP,VADCP,3530,705,13200,0.27,UNSP,UNSP,UNSP,UNSP,UNSP,UNSP,UNSP,
USGS,11313434,761,2021-09-08 12:58:43,PST,Yes,"HRABAS, NSOE",USGS,4.12,2870,Poor,,,,NONE,1,05,MBOT,QADCP,VADCP,2870,711,13400,0.22,UNSP,UNSP,UNSP,UNSP,UNSP,UNSP,UNSP,
USGS,11313434,762,2021-09-08 13:06:00,PST,Yes,"HRABAS, NSOE",USGS,4.12,1900,Poor,,,,NONE,1,06,MBOT,QADCP,VADCP,1900,701,13100,0.14,UNSP,UNSP,UNSP,UNSP,UNSP,UNSP,UNSP,
USGS,11313434,763,2021-11-16 13:20:55,PST,Yes,TVIOLETTE/HR,USGS,5.63,-10500,Poor,,,,NONE,1,01,MBOT,QADCP,VADCP,-10500,695,14000,-0.75,FIRM,silt,EVEN,STDY,UNSP,UNKN,UNSP,
USGS,11313434,764,2021-11-16 13:30:31,PST,Yes,TVIOLETTE/HR,USGS,5.71,-9900,Poor,,,,NONE,1,02,MBOT,QADCP,VADCP,-9900,698,14500,-0.68,UNSP,UNSP,UNSP,UNSP,UNSP,UNSP,UNSP,
USGS,11313434,765,2021-11-16 13:38:31,PST,Yes,TVIOLETTE/HR,USGS,5.78,-9890,Poor,,,,NONE,1,03,MBOT,QADCP,VADCP,-9890,791,16600,-0.60,UNSP,UNSP,UNSP,UNSP,UNSP,UNSP,UNSP,
USGS,11313434,766,2021-11-16 13:47:34,PST,Yes,TVIOLETTE/HR,USGS,5.84,-9750,Poor,,,,NONE,1,04,MBOT,QADCP,VADCP,-9750,785,16800,-0.58,UNSP,UNSP,UNSP,UNSP,UNSP,UNSP,UNSP,
USGS,11313434,767,2021-11-16 13:54:40,PST,Yes,TVIOLETTE/HR,USGS,5.89,-9840,Poor,,,,NONE,1,05,MBOT,QADCP,VADCP,-9840,697,14300,-0.69,UNSP,UNSP,UNSP,UNSP,UNSP,UNSP,UNSP,
USGS,11313434,768,2021-11-16 14:01:12,PST,Yes,TVIOLETTE/HR,USGS,5.94,-9610,Poor,,,,NONE,1,06,MBOT,QADCP,VADCP,-9610,698,14700,-0.66,UNSP,UNSP,UNSP,UNSP,UNSP,UNSP,UNSP,
USGS,11313434,769,2022-01-20 13:48:30,PST,Yes,"HRABAS,HFUJI",USGS,5.07,-8070,Poor,,,,NONE,1,01,MBOT,QADCP,VADCP,-8070,717,14100,-0.57,FIRM,silt,EVEN,STDY,EVEN,UNKN,DNST,200.00
USGS,11313434,770,2022-01-20 13:55:14,PST,Yes,"HRABAS,HFUJI",USGS,5.13,-9170,Poor,,,,NONE,1,02,MBOT,QADCP,VADCP,-9170,714,14100,-0.65,UNSP,UNSP,UNSP,UNSP,UNSP,UNSP,UNSP,
USGS,11313434,771,2022-01-20 14:02:55,PST,Yes,"HRABAS,HFUJI",USGS,5.18,-9960,Poor,,,,NONE,1,03,MBOT,QADCP,VADCP,-9960,741,14500,-0.69,UNSP,UNSP,UNSP,UNSP,UNSP,UNSP,UNSP,
USGS,11313434,772,2022-01-20 14:10:58,PST,Yes,"HRABAS,HFUJI",USGS,5.24,-11100,Poor,,,,NONE,1,04,MBOT,QADCP,VADCP,-11100,737,14400,-0.77,UNSP,UNSP,UNSP,UNSP,UNSP,UNSP,UNSP,
USGS,11313434,773,2022-01-20 14:18:07,PST,Yes,"HRABAS,HFUJI",USGS,5.30,-12100,Poor,,,,NONE,1,05,MBOT,QADCP,VADCP,-12100,757,15000,-0.80,UNSP,UNSP,UNSP,UNSP,UNSP,UNSP,UNSP,
USGS,11313434,774,2022-01-20 14:25:21,PST,Yes,"HRABAS,HFUJI",USGS,5.34,-12100,Poor,,,,NONE,1,06,MBOT,QADCP,VADCP,-12100,730,14200,-0.86,UNSP,UNSP,UNSP,UNSP,UNSP,UNSP,UNSP,
USGS,11313434,775,2022-03-08 09:27:09,PST,Yes,HRABAS/EDUBE,USGS,6.26,17.9,Poor,,,,NONE,1,01,MBOT,QADCP,VADCP,17.9,702,14600,0.00,FIRM,silt,EVEN,STDY,EVEN,UNKN,DNST,100.00
USGS,11313434,776,2022-03-08 09:32:31,PST,Yes,HRABAS/EDUBE,USGS,6.23,1080,Poor,,,,NONE,1,02,MBOT,QADCP,VADCP,1080,692,14500,0.08,UNSP,UNSP,UNSP,UNSP,UNSP,UNSP,UNSP,
USGS,11313434,777,2022-03-08 09:37:52,PST,Yes,HRABAS/EDUBE,USGS,6.20,1850,Poor,,,,NONE,1,03,MBOT,QADCP,VADCP,1850,693,14600,0.13,UNSP,UNSP,UNSP,UNSP,UNSP,UNSP,UNSP,
USGS,11313434,778,2022-03-08 09:43:25,PST,Yes,HRABAS/EDUBE,USGS,6.18,3010,Poor,,,,NONE,1,04,MBOT,QADCP,VADCP,3010,695,14700,0.20,UNSP,UNSP,UNSP,UNSP,UNSP,UNSP,UNSP,
USGS,11313434,779,2022-03-08 09:49:05,PST,Yes,HRABAS/EDUBE,USGS,6.15,3780,Poor,,,,NONE,1,05,MBOT,QADCP,VADCP,3780,705,14600,0.26,UNSP,UNSP,UNSP,UNSP,UNSP,UNSP,UNSP,
USGS,11313434,780,2022-03-08 09:54:39,PST,Yes,HRABAS/EDUBE,USGS,6.11,4530,Poor,,,,NONE,1,06,MBOT,QADCP,VADCP,4530,702,14600,0.31,UNSP,UNSP,UNSP,UNSP,UNSP,UNSP,UNSP,
USGS,11313434,781,2022-05-04 12:41:34,PST,Yes,NSOEDER/HRAB,USGS,4.22,7970,Poor,,,,NONE,1,01,MBOT,QADCP,VADCP,7970,692,13300,0.60,FIRM,silt,EVEN,STDY,EVEN,UNKN,DNST,100.00
USGS,11313434,782,2022-05-04 12:48:22,PST,Yes,NSOEDER/HRAB,USGS,4.16,8120,Poor,,,,NONE,1,02,MBOT,QADCP,VADCP,8120,694,13200,0.62,UNSP,UNSP,UNSP,UNSP,UNSP,UNSP,UNSP,
USGS,11313434,783,2022-05-04 12:55:16,PST,Yes,NSOEDER/HRAB,USGS,4.10,8020,Poor,,,,NONE,1,03,MBOT,QADCP,VADCP,8020,691,13300,0.60,UNSP,UNSP,UNSP,UNSP,UNSP,UNSP,UNSP,
USGS,11313434,784,2022-05-04 13:02:05,PST,Yes,NSOEDER/HRAB,USGS,4.06,7820,Poor,,,,NONE,1,04,MBOT,QADCP,VADCP,7820,693,13200,0.59,UNSP,UNSP,UNSP,UNSP,UNSP,UNSP,UNSP,
USGS,11313434,785,2022-05-04 13:09:05,PST,Yes,NSOEDER/HRAB,USGS,4.01,7570,Poor,,,,NONE,1,05,MBOT,QADCP,VADCP,7570,689,13200,0.57,UNSP,UNSP,UNSP,UNSP,UNSP,UNSP,UNSP,
USGS,11313434,786,2022-05-04 13:15:53,PST,Yes,NSOEDER/HRAB,USGS,3.96,7700,Poor,,,,NONE,1,06,MBOT,QADCP,VADCP,7700,694,13100,0.59,UNSP,UNSP,UNSP,UNSP,UNSP,UNSP,UNSP,
USGS,11313434,787,2022-06-29 14:21:10,PST,Yes,HRABAS/CCOLL,USGS,4.09,-6010,Poor,,,,NONE,1,01,MBOT,QADCP,VADCP,-6010,694,13000,-0.46,FIRM,silt,EVEN,STDY,EVEN,UNKN,DNST,150.00
USGS,11313434,788,2022-06-29 14:29:16,PST,Yes,HRABAS/CCOLL,USGS,4.15,-7270,Poor,,,,NONE,1,02,MBOT,QADCP,VADCP,-7270,689,13300,-0.55,UNSP,UNSP,UNSP,UNSP,UNSP,UNSP,UNSP,
USGS,11313434,789,2022-06-29 14:37:32,PST,Yes,HRABAS/CCOLL,USGS,4.21,-8670,Poor,,,,NONE,1,03,MBOT,QADCP,VADCP,-8670,708,13400,-0.65,UNSP,UNSP,UNSP,UNSP,UNSP,UNSP,UNSP,
USGS,11313434,790,2022-06-29 14:46:04,PST,Yes,HRABAS/CCOLL,USGS,4.28,-9230,Poor,,,,NONE,1,04,MBOT,QADCP,VADCP,-9230,724,13500,-0.68,UNSP,UNSP,UNSP,UNSP,UNSP,UNSP,UNSP,
USGS,11313434,791,2022-06-29 14:54:06,PST,Yes,HRABAS/CCOLL,USGS,4.34,-9270,Poor,,,,NONE,1,05,MBOT,QADCP,VADCP,-9270,703,13500,-0.69,UNSP,UNSP,UNSP,UNSP,UNSP,UNSP,UNSP,
USGS,11313434,792,2022-06-29 15:02:07,PST,Yes,HRABAS/CCOLL,USGS,4.40,-10400,Poor,,,,NONE,1,06,MBOT,QADCP,VADCP,-10400,698,13500,-0.77,UNSP,UNSP,UNSP,UNSP,UNSP,UNSP,UNSP,
USGS,11313434,793,2022-08-30 08:37:46,PST,Yes,HRABAS/BGRIF,USGS,6.30,8190,Poor,,,,NONE,1,01,MBOT,QADCP,VADCP,8190,722,15200,0.54,FIRM,silt,EVEN,STDY,UNSP,UNKN,DNST,100.00
USGS,11313434,794,2022-08-30 08:45:15,PST,Yes,HRABAS/BGRIF,USGS,6.25,8430,Poor,,,,NONE,1,02,MBOT,QADCP,VADCP,8430,715,15100,0.56,UNSP,UNSP,UNSP,UNSP,UNSP,UNSP,UNSP,
USGS,11313434,795,2022-08-30 08:55:33,PST,Yes,HRABAS/BGRIF,USGS,6.18,8870,Poor,,,,NONE,1,03,MBOT,QADCP,VADCP,8870,714,14900,0.60,UNSP,UNSP,UNSP,UNSP,UNSP,UNSP,UNSP,
USGS,11313434,796,2022-08-30 09:04:11,PST,Yes,HRABAS/BGRIF,USGS,6.12,8960,Poor,,,,NONE,1,04,MBOT,QADCP,VADCP,8960,712,14900,0.60,UNSP,UNSP,UNSP,UNSP,UNSP,UNSP,UNSP,
USGS,11313434,797,2022-08-30 09:12:35,PST,Yes,HRABAS/BGRIF,USGS,6.06,9030,Poor,,,,NONE,1,05,MBOT,QADCP,VADCP,9030,708,14900,0.61,UNSP,UNSP,UNSP,UNSP,UNSP,UNSP,UNSP,
USGS,11313434,798,2022-08-30 09:21:22,PST,Yes,HRABAS/BGRIF,USGS,6.00,8900,Poor,,,,NONE,1,06,MBOT,QADCP,VADCP,8900,702,14600,0.61,UNSP,UNSP,UNSP,UNSP,UNSP,UNSP,UNSP,
USGS,11313434,799,2022-10-25 14:05:01,PST,Yes,NSOEDER/HRAB,USGS,5.40,-11300,Poor,,,,NONE,1,01,MBOT,QADCP,VADCP,-11300,687,14000,-0.80,FIRM,silt,EVEN,STDY,UNSP,UNSP,DNST,150.00
USGS,11313434,800,2022-10-25 14:12:40,PST,Yes,NSOEDER/HRAB,USGS,5.47,-11600,Poor,,,,NONE,1,02,MBOT,QADCP,VADCP,-11600,692,14000,-0.82,UNSP,UNSP,UNSP,UNSP,UNSP,UNSP,UNSP,
USGS,11313434,801,2022-10-25 14:19:19,PST,Yes,NSOEDER/HRAB,USGS,5.51,-12100,Poor,,,,NONE,1,03,MBOT,QADCP,VADCP,-12100,684,14000,-0.87,UNSP,UNSP,UNSP,UNSP,UNSP,UNSP,UNSP,
USGS,11313434,802,2022-10-25 14:26:07,PST,Yes,NSOEDER/HRAB,USGS,5.56,-10900,Poor,,,,NONE,1,04,MBOT,QADCP,VADCP,-10900,682,14100,-0.77,UNSP,UNSP,UNSP,UNSP,UNSP,UNSP,UNSP,
USGS,11313434,803,2022-10-25 14:33:00,PST,Yes,NSOEDER/HRAB,USGS,5.65,-10900,Poor,,,,NONE,1,05,MBOT,QADCP,VADCP,-10900,686,14000,-0.78,UNSP,UNSP,UNSP,UNSP,UNSP,UNSP,UNSP,
USGS,11313434,804,2022-10-25 14:39:53,PST,Yes,NSOEDER/HRAB,USGS,5.69,-11400,Poor,,,,NONE,1,06,MBOT,QADCP,VADCP,-11400,696,14400,-0.79,UNSP,UNSP,UNSP,UNSP,UNSP,UNSP,UNSP,
USGS,11313434,805,2022-12-07 09:52:29,PST,Yes,"HRABAS, EDUB",USGS,4.94,6740,Poor,,,,NONE,1,01,MBOT,QADCP,VADCP,6740,697,13900,0.48,FIRM,silt,EVEN,STDY,EVEN,UNKN,DNST,100.00
USGS,11313434,806,2022-12-07 09:57:55,PST,Yes,"HRABAS, EDUB",USGS,4.94,6300,Poor,,,,NONE,1,02,MBOT,QADCP,VADCP,6300,702,13900,0.45,UNSP,UNSP,UNSP,UNSP,UNSP,UNSP,UNSP,
USGS,11313434,807,2022-12-07 10:03:00,PST,Yes,"HRABAS, EDUB",USGS,4.95,5600,Poor,,,,NONE,1,03,MBOT,QADCP,VADCP,5600,698,13900,0.40,UNSP,UNSP,UNSP,UNSP,UNSP,UNSP,UNSP,
USGS,11313434,808,2022-12-07 10:08:35,PST,Yes,"HRABAS, EDUB",USGS,4.96,4650,Poor,,,,NONE,1,04,MBOT,QADCP,VADCP,4650,685,13700,0.34,UNSP,UNSP,UNSP,UNSP,UNSP,UNSP,UNSP,
USGS,11313434,809,2022-12-07 10:13:27,PST,Yes,"HRABAS, EDUB",USGS,4.98,3980,Poor,,,,NONE,1,05,MBOT,QADCP,VADCP,3980,688,13800,0.29,UNSP,UNSP,UNSP,UNSP,UNSP,UNSP,UNSP,
USGS,11313434,810,2022-12-07 10:18:29,PST,Yes,"HRABAS, EDUB",USGS,4.99,3030,Poor,,,,NONE,1,06,MBOT,QADCP,VADCP,3030,686,13700,0.22,UNSP,UNSP,UNSP,UNSP,UNSP,UNSP,UNSP,
USGS,11313434,811,2023-01-06 12:25:45,PST,Yes,JEHATFIELD/D,USGS,6.80,-12600,Poor,,,,NONE,1,01,MBOT,QADCP,VADCP,-12600,724,15100,-0.83,SOFT,silt,UNEV,STDY,UNEV,UNFM,DNST,100.00
USGS,11313434,812,2023-01-06 12:30:12,PST,Yes,JEHATFIELD/D,USGS,6.83,-13200,Poor,,,,NONE,1,02,MBOT,QADCP,VADCP,-13200,707,15100,-0.87,UNSP,UNSP,UNSP,UNSP,UNSP,UNSP,UNSP,
